Analog in 2	Analog in 1
U2/V	U1/V

0,51	0,28
0,54	0,28
0,56	0,30
0,57	0,28
0,58	0,29
0,60	0,29
0,62	0,28
0,63	0,30
0,64	0,31
0,68	0,31
0,69	0,32
0,70	0,33
0,72	0,32
0,74	0,31
0,75	0,34
0,76	0,34
0,78	0,34
0,80	0,35
0,81	0,35
0,82	0,37
0,84	0,37
0,86	0,37
0,87	0,38
0,90	0,41
0,92	0,39
0,93	0,41
0,94	0,39
0,96	0,42
0,98	0,43
1,00	0,43
1,02	0,45
1,03	0,45
1,07	0,46
1,08	0,47
1,11	0,48
1,13	0,51
1,14	0,49
1,15	0,48
1,17	0,51
1,18	0,50
1,20	0,52
1,22	0,53
1,23	0,55
1,25	0,54
1,26	0,55
1,27	0,55
1,29	0,56
1,30	0,58
1,32	0,55
1,34	0,57
1,35	0,57
1,37	0,58
1,38	0,57
1,39	0,57
1,41	0,59
1,44	0,59
1,46	0,60
1,47	0,58
1,49	0,58
1,50	0,58
1,51	0,58
1,53	0,57
1,54	0,57
1,56	0,57
1,58	0,57
1,59	0,57
1,61	0,56
1,62	0,56
1,63	0,56
1,65	0,56
1,66	0,56
1,68	0,55
1,70	0,54
1,71	0,55
1,73	0,55
1,74	0,55
1,75	0,55
1,77	0,55
1,80	0,53
1,82	0,54
1,83	0,53
1,86	0,53
1,88	0,53
1,89	0,53
1,90	0,53
1,92	0,53
1,93	0,54
1,95	0,53
1,97	0,53
1,98	0,53
2,00	0,53
2,01	0,52
2,03	0,53
2,04	0,52
2,06	0,53
2,07	0,53
2,09	0,54
2,10	0,52
2,12	0,54
2,13	0,54
2,16	0,54
2,17	0,53
2,19	0,54
2,20	0,55
2,22	0,53
2,23	0,55
2,25	0,56
2,27	0,58
2,28	0,56
2,30	0,56
2,31	0,55
2,33	0,57
2,34	0,56
2,36	0,56
2,37	0,58
2,38	0,58
2,40	0,60
2,41	0,59
2,43	0,60
2,44	0,61
2,46	0,60
2,47	0,62
2,49	0,62
2,51	0,63
2,54	0,63
2,55	0,65
2,57	0,65
2,58	0,67
2,60	0,66
2,61	0,67
2,63	0,67
2,64	0,68
2,65	0,69
2,67	0,71
2,68	0,71
2,70	0,73
2,71	0,73
2,73	0,73
2,74	0,74
2,76	0,75
2,78	0,76
2,79	0,78
2,81	0,78
2,82	0,80
2,84	0,83
2,85	0,82
2,87	0,83
2,88	0,85
2,89	0,86
2,91	0,87
2,92	0,88
2,94	0,89
2,95	0,90
2,97	0,92
2,98	0,95
3,00	0,95
3,02	0,96
3,03	0,98
3,05	0,99
3,06	1,01
3,08	1,02
3,09	1,04
3,11	1,05
3,12	1,06
3,13	1,08
3,15	1,09
3,16	1,11
3,18	1,11
3,19	1,15
3,21	1,17
3,22	1,20
3,24	1,21
3,26	1,22
3,27	1,24
3,29	1,27
3,30	1,28
3,32	1,30
3,33	1,31
3,35	1,34
3,36	1,34
3,38	1,39
3,39	1,38
3,40	1,39
3,43	1,42
3,45	1,42
3,46	1,43
3,48	1,47
3,49	1,44
3,51	1,45
3,53	1,46
3,54	1,47
3,56	1,46
3,59	1,46
3,60	1,44
3,62	1,45
3,63	1,44
3,64	1,43
3,66	1,42
3,67	1,42
3,69	1,42
3,70	1,40
3,72	1,39
3,73	1,38
3,75	1,37
3,77	1,36
3,78	1,36
3,80	1,34
3,81	1,33
3,83	1,32
3,84	1,30
3,86	1,29
3,87	1,29
3,88	1,28
3,90	1,27
3,91	1,27
3,93	1,26
3,94	1,25
3,96	1,25
3,97	1,24
3,99	1,24
4,01	1,22
4,03	1,22
4,05	1,20
4,07	1,22
4,08	1,21
4,09	1,21
4,11	1,21
4,13	1,21
4,14	1,20
4,17	1,20
4,18	1,20
4,20	1,20
4,22	1,21
4,23	1,20
4,24	1,22
4,26	1,21
4,28	1,21
4,29	1,21
4,30	1,22
4,32	1,21
4,34	1,23
4,35	1,23
4,36	1,24
4,38	1,25
4,39	1,26
4,41	1,25
4,43	1,28
4,44	1,26
4,45	1,28
4,47	1,28
4,49	1,29
4,50	1,30
4,51	1,32
4,53	1,33
4,55	1,33
4,56	1,34
4,57	1,34
4,59	1,36
4,61	1,36
4,62	1,38
4,64	1,40
4,65	1,42
4,66	1,43
4,68	1,44
4,70	1,45
4,71	1,47
4,72	1,48
4,74	1,50
4,76	1,52
4,77	1,52
4,78	1,55
4,80	1,59
4,82	1,57
4,83	1,60
4,84	1,62
4,86	1,64
4,88	1,67
4,89	1,67
4,91	1,70
4,92	1,73
4,93	1,75
4,95	1,76
4,97	1,79
4,98	1,82
4,99	1,83
5,01	1,87
5,03	1,89
5,04	1,89
5,05	1,92
5,07	1,96
5,09	1,98
5,10	2,01
5,11	2,03
5,13	2,05
5,14	2,09
5,16	2,11
5,18	2,15
5,19	2,16
5,20	2,20
5,22	2,23
5,24	2,27
5,25	2,31
5,26	2,34
5,28	2,35
5,30	2,40
5,31	2,42
5,32	2,46
5,34	2,50
5,36	2,54
5,37	2,56
5,39	2,61
5,40	2,62
5,41	2,66
5,43	2,71
5,45	2,74
5,46	2,76
5,47	2,82
5,49	2,85
5,51	2,87
5,52	2,91
5,53	2,93
5,55	2,97
5,57	3,00
5,58	3,03
5,59	3,06
5,61	3,08
5,63	3,09
5,64	3,11
5,66	3,11
5,67	3,12
5,68	3,12
5,70	3,13
5,72	3,12
5,73	3,12
5,74	3,10
5,76	3,10
5,78	3,08
5,79	3,06
5,80	3,03
5,82	3,00
5,84	2,99
5,85	2,95
5,86	2,93
5,88	2,91
5,89	2,87
5,91	2,86
5,93	2,84
5,94	2,81
5,95	2,79
5,97	2,77
5,99	2,74
6,00	2,73
6,01	2,70
6,03	2,69
6,05	2,68
6,06	2,67
6,07	2,65
6,09	2,63
6,11	2,62
6,12	2,61
6,14	2,59
6,15	2,57
6,16	2,56
6,18	2,55
6,20	2,53
6,21	2,52
6,22	2,52
6,24	2,52
6,26	2,50
6,27	2,50
6,28	2,49
6,30	2,49
6,32	2,48
6,33	2,49
6,34	2,49
6,36	2,49
6,38	2,49
6,39	2,49
6,41	2,50
6,42	2,50
6,43	2,50
6,45	2,51
6,47	2,52
6,48	2,53
6,49	2,53
6,51	2,55
6,53	2,55
6,54	2,56
6,55	2,58
6,57	2,59
6,59	2,60
6,60	2,61
6,61	2,63
6,63	2,64
6,64	2,65
6,66	2,67
6,68	2,68
6,69	2,71
6,70	2,72
6,72	2,72
6,74	2,73
6,75	2,73
6,76	2,74
6,78	2,76
6,80	2,77
6,81	2,79
6,82	2,81
6,84	2,84
6,86	2,87
6,87	2,89
6,89	2,92
6,90	2,94
6,91	2,98
6,93	3,01
6,95	3,03
6,96	3,07
6,97	3,10
6,99	3,13
7,01	3,25
7,02	7,44
7,03	9,92
