Analog in 2	Analog in 1
U2/V	U1/V

0,54	0,25
0,56	0,27
0,57	0,28
0,60	0,31
0,62	0,34
0,63	0,37
0,66	0,39
0,68	0,41
0,69	0,44
0,70	0,43
0,74	0,49
0,75	0,51
0,76	0,53
0,78	0,56
0,80	0,59
0,82	0,61
0,86	0,64
0,87	0,66
0,88	0,68
0,90	0,69
0,92	0,72
0,94	0,75
0,96	0,76
0,98	0,78
0,99	0,83
1,00	0,83
1,03	0,85
1,05	0,86
1,07	0,88
1,10	0,91
1,11	0,92
1,13	0,94
1,14	0,96
1,15	0,97
1,17	1,01
1,20	1,00
1,22	1,02
1,23	1,04
1,25	1,05
1,27	1,06
1,30	1,09
1,34	1,10
1,35	1,15
1,38	1,14
1,39	1,15
1,41	1,14
1,44	1,19
1,47	1,19
1,49	1,21
1,50	1,22
1,53	1,26
1,54	1,24
1,58	1,26
1,59	1,26
1,61	1,27
1,62	1,27
1,63	1,30
1,65	1,31
1,66	1,33
1,68	1,32
1,71	1,31
1,73	1,33
1,74	1,35
1,75	1,33
1,77	1,35
1,78	1,34
1,82	1,37
1,83	1,37
1,85	1,39
1,86	1,39
1,88	1,37
1,89	1,41
1,90	1,40
1,93	1,42
1,95	1,41
1,98	1,43
2,00	1,44
2,01	1,46
2,03	1,45
2,06	1,45
2,07	1,48
2,10	1,49
2,12	1,48
2,13	1,49
2,14	1,50
2,17	1,51
2,19	1,51
2,20	1,51
2,23	1,52
2,27	1,52
2,28	1,54
2,30	1,53
2,31	1,55
2,33	1,55
2,34	1,55
2,36	1,57
2,37	1,59
2,38	1,58
2,41	1,57
2,43	1,58
2,44	1,59
2,47	1,58
2,49	1,60
2,52	1,60
2,54	1,61
2,57	1,62
2,58	1,64
2,60	1,62
2,64	1,64
2,65	1,64
2,67	1,65
2,68	1,67
2,71	1,66
2,73	1,66
2,74	1,67
2,76	1,67
2,78	1,64
2,79	1,68
2,81	1,67
2,82	1,68
2,85	1,67
2,87	1,69
2,88	1,70
2,91	1,69
2,92	1,71
2,94	1,69
2,95	1,70
2,98	1,70
3,00	1,72
3,02	1,71
3,03	1,72
3,06	1,72
3,08	1,71
3,09	1,73
3,12	1,72
3,13	1,73
3,15	1,71
3,16	1,73
3,19	1,73
3,21	1,74
3,22	1,74
3,24	1,74
3,26	1,75
3,27	1,74
3,30	1,75
3,33	1,75
3,35	1,75
3,36	1,76
3,38	1,77
3,39	1,77
3,42	1,77
3,43	1,75
3,46	1,78
3,49	1,78
3,53	1,79
3,56	1,79
3,59	1,79
3,62	1,81
3,63	1,81
3,64	1,82
3,66	1,81
3,69	1,82
3,70	1,84
3,73	1,82
3,75	1,84
3,77	1,84
3,78	1,84
3,80	1,86
3,83	1,87
3,84	1,87
3,86	1,88
3,87	1,87
3,90	1,90
3,91	1,90
3,93	1,91
3,94	1,91
3,96	1,92
3,97	1,90
3,99	1,93
4,01	1,96
4,03	1,94
4,05	1,96
4,08	1,96
4,09	1,98
4,11	2,00
4,13	1,99
4,14	1,97
4,16	2,00
4,18	2,02
4,22	2,04
4,23	2,04
4,24	2,03
4,26	2,05
4,28	2,04
4,29	2,07
4,32	2,08
4,35	2,08
4,38	2,10
4,39	2,11
4,41	2,13
4,43	2,12
4,45	2,14
4,47	2,14
4,49	2,15
4,50	2,15
4,51	2,16
4,53	2,19
4,56	2,18
4,57	2,18
4,61	2,18
4,62	2,19
4,64	2,18
4,65	2,21
4,66	2,22
4,70	2,22
4,71	2,23
4,72	2,21
4,74	2,23
4,77	2,23
4,78	2,23
4,80	2,24
4,83	2,25
4,84	2,25
4,86	2,25
4,88	2,25
4,89	2,25
4,91	2,26
4,92	2,25
4,93	2,26
4,95	2,28
4,97	2,26
4,98	2,28
4,99	2,25
5,01	2,26
5,03	2,26
5,04	2,27
5,07	2,26
5,09	2,26
5,11	2,27
5,13	2,27
5,14	2,28
5,18	2,27
5,19	2,28
5,20	2,29
5,22	2,28
5,24	2,30
5,25	2,28
5,26	2,27
5,30	2,29
5,31	2,28
5,32	2,27
5,34	2,27
5,37	2,27
5,39	2,27
5,41	2,28
5,43	2,28
5,45	2,29
5,46	2,29
5,47	2,30
5,51	2,30
5,52	2,31
5,53	2,31
5,55	2,32
5,58	2,33
5,59	2,35
5,61	2,35
5,63	2,36
5,64	2,33
5,66	2,36
5,68	2,38
5,70	2,40
5,72	2,41
5,73	2,41
5,74	2,40
5,76	2,42
5,78	2,44
5,79	2,46
5,82	2,47
5,84	2,50
5,85	2,50
5,86	2,51
5,88	2,53
5,91	2,54
5,93	2,56
5,95	2,59
5,97	2,61
5,99	2,61
6,00	2,64
6,01	2,65
6,03	2,67
6,05	2,68
6,06	2,70
6,07	2,70
6,09	2,73
6,11	2,74
6,12	2,75
6,15	2,78
6,16	2,81
6,18	2,81
6,20	2,84
6,21	2,85
6,22	2,88
6,24	2,87
6,26	2,90
6,27	2,91
6,28	2,92
6,30	2,95
6,32	2,97
6,33	2,98
6,36	3,00
6,38	3,02
6,39	3,01
6,41	3,04
6,42	3,06
6,43	3,07
6,45	3,09
6,47	3,09
6,48	3,11
6,49	3,08
6,51	3,11
6,53	3,12
6,54	3,15
6,55	3,16
6,57	3,16
6,59	3,15
6,60	3,18
6,61	3,19
6,64	3,18
6,66	3,20
6,68	3,21
6,69	3,21
6,70	3,23
6,74	3,23
6,75	3,23
6,76	3,23
6,78	3,23
6,80	3,24
6,81	3,24
6,82	3,22
6,84	3,24
6,86	3,24
6,87	3,26
6,89	3,24
6,90	3,24
6,91	3,22
6,93	3,23
6,95	3,24
6,96	3,23
6,97	3,24
6,99	3,23
7,01	3,24
7,02	3,23
7,03	3,22
7,05	3,22
7,07	3,23
7,08	3,22
7,09	3,23
7,11	3,20
7,13	3,22
7,14	3,21
7,16	3,21
7,17	3,19
7,18	3,19
7,20	3,18
7,22	3,18
7,23	3,20
7,24	3,16
7,26	3,17
7,28	3,17
7,29	3,16
7,30	3,17
7,32	3,16
7,34	3,16
7,35	3,17
7,36	3,17
7,38	3,17
7,39	3,18
7,41	3,19
7,43	3,19
7,44	3,21
7,45	3,20
7,47	3,22
7,49	3,23
7,51	3,24
7,53	3,26
7,55	3,26
7,56	3,27
7,57	3,27
7,59	3,30
7,61	3,30
7,62	3,31
7,64	3,31
7,65	3,35
7,66	3,37
7,68	3,37
7,70	3,39
7,71	3,42
7,74	3,44
7,76	3,46
7,77	3,50
7,78	3,49
7,82	3,55
7,83	3,57
7,84	3,59
7,86	3,60
7,88	3,63
7,89	3,67
7,91	3,69
7,93	3,73
7,95	3,77
7,97	3,79
7,98	3,80
7,99	3,85
8,01	3,88
8,02	3,90
8,04	3,98
8,06	3,97
8,09	4,01
8,10	4,06
8,11	4,08
8,13	4,13
8,15	4,16
8,16	4,20
8,18	4,23
8,19	4,27
8,20	4,30
8,22	4,31
8,23	4,35
8,25	4,38
8,27	4,44
8,28	4,48
8,30	4,49
8,31	4,51
8,32	4,58
8,34	4,60
8,35	4,62
8,37	4,66
8,40	4,70
8,41	4,73
8,43	4,77
8,44	4,78
8,46	4,79
8,48	4,81
8,49	4,84
8,51	4,87
8,52	4,84
8,53	4,88
8,55	4,91
8,56	4,92
8,58	4,93
8,60	4,94
8,61	4,96
8,63	4,97
8,64	4,98
8,65	4,99
8,67	5,00
8,69	5,00
8,70	5,00
8,72	5,02
8,73	5,01
8,74	5,01
8,76	5,01
8,77	5,02
8,79	5,01
8,81	5,01
8,82	5,00
8,84	6,24
8,85	5,00
8,86	5,00
8,90	4,98
8,91	4,98
8,93	4,97
8,95	4,95
8,97	4,94
8,98	4,93
9,00	4,93
9,02	4,91
9,03	4,90
9,05	4,90
9,06	4,88
9,07	4,88
9,09	4,85
9,10	4,85
9,12	4,84
9,14	4,85
9,15	4,82
9,16	4,81
9,18	4,81
9,19	4,81
9,21	4,80
9,23	4,78
9,24	4,78
9,26	4,78
9,27	4,77
9,30	4,77
9,31	4,77
9,33	4,76
9,35	4,77
9,36	4,77
9,38	4,76
9,40	4,77
9,42	4,76
9,44	4,77
9,45	4,76
9,47	4,78
9,48	4,79
9,49	4,80
9,51	4,81
9,52	4,82
9,54	4,83
9,56	4,85
9,57	4,87
9,59	4,89
9,60	4,89
9,61	4,91
9,63	4,93
9,65	4,96
9,66	4,96
9,68	4,99
9,69	5,02
9,70	5,04
9,72	5,07
9,73	5,11
9,75	5,13
9,77	5,16
9,78	5,20
9,80	5,22
9,81	5,26
9,82	5,30
9,84	5,33
9,85	5,37
9,87	5,40
9,89	5,46
9,90	5,52
9,91	5,57
9,93	5,59
9,94	5,62
9,96	5,68
9,98	5,75
9,99	5,84
10,01	5,83
10,02	5,92
10,03	5,96
10,05	6,03
10,06	6,08
10,08	6,15
10,10	6,16
10,11	6,24
10,13	6,31
10,14	6,36
10,15	6,42
10,17	7,18
10,19	6,57
10,20	6,63
10,22	6,68
10,23	6,75
10,24	6,80
10,26	6,86
10,27	6,91
10,29	6,94
10,31	7,03
10,32	7,10
10,34	7,14
10,35	7,20
10,36	7,24
10,38	7,29
10,40	7,35
10,41	7,40
10,43	7,46
10,44	7,49
10,45	7,53
10,47	7,57
10,48	7,62
10,50	7,63
10,52	7,67
10,53	7,71
10,55	7,73
10,56	7,75
10,57	7,77
10,59	7,79
10,60	7,81
10,62	7,83
10,64	7,84
10,65	7,85
10,66	7,86
10,68	7,86
10,69	7,86
10,71	7,85
10,73	7,86
10,74	7,86
10,76	7,84
10,77	7,83
10,78	7,84
10,80	7,83
10,81	7,82
10,83	7,82
10,85	7,81
10,86	7,80
10,88	7,78
10,89	7,75
10,90	7,74
10,92	7,72
10,94	7,69
10,95	7,67
10,97	7,65
10,98	7,61
10,99	7,59
11,01	7,57
11,02	7,53
11,04	7,51
11,06	7,49
11,07	7,46
11,09	7,45
11,10	7,42
11,11	7,40
11,13	7,37
11,15	7,36
11,16	7,34
11,18	7,33
11,19	7,30
11,20	7,30
11,22	7,28
11,23	7,27
11,25	7,26
11,27	7,24
11,28	7,24
11,30	7,23
11,31	7,23
11,32	7,23
11,34	7,23
11,35	7,22
11,37	7,23
11,39	7,24
11,40	7,24
11,41	7,24
11,43	7,25
11,44	7,26
11,46	7,28
11,48	7,29
11,49	7,31
11,51	7,33
11,52	7,35
11,53	7,37
11,55	7,39
11,56	7,41
11,58	7,44
11,60	7,49
11,61	7,52
11,63	7,55
11,64	7,58
11,65	7,63
11,67	7,67
11,69	7,72
11,70	7,75
11,72	7,80
11,73	8,10
11,74	7,90
11,76	7,96
11,77	8,01
11,79	8,08
11,81	8,13
11,82	8,19
11,84	8,26
11,85	8,33
11,86	8,39
11,88	8,48
11,90	8,55
11,91	8,65
11,93	8,74
11,94	8,81
11,95	8,89
11,97	8,96
11,98	9,06
12,00	9,13
12,02	9,21
12,03	9,29
12,05	9,39
12,06	9,47
12,07	9,56
12,09	9,66
12,10	9,76
12,12	9,77
12,14	9,79
12,15	9,84
12,16	9,93
12,18	10,04
12,19	9,97
12,21	9,92
