Analog in 2	Analog in 1
U2/V	U1/V

0,54	0,57
0,56	0,58
0,57	0,58
0,58	0,59
0,60	0,59
0,62	0,62
0,63	0,62
0,64	0,63
0,66	0,64
0,69	0,65
0,70	0,67
0,72	0,67
0,75	0,70
0,76	0,71
0,78	0,71
0,80	0,73
0,81	0,73
0,82	0,77
0,86	0,79
0,87	0,82
0,90	0,82
0,92	0,85
0,93	0,87
0,94	0,87
0,96	0,90
0,98	0,91
0,99	0,94
1,00	0,95
1,02	0,98
1,03	1,00
1,05	1,02
1,07	1,03
1,08	1,07
1,10	1,11
1,11	1,12
1,13	1,12
1,14	1,15
1,15	1,16
1,17	1,18
1,18	1,20
1,20	1,24
1,22	1,25
1,23	1,28
1,25	1,28
1,26	1,28
1,27	1,32
1,29	1,33
1,30	1,36
1,32	1,34
1,34	1,36
1,35	1,36
1,37	1,36
1,38	1,36
1,39	1,39
1,42	1,37
1,44	1,37
1,47	1,37
1,49	1,37
1,50	1,36
1,51	1,37
1,53	1,35
1,54	1,33
1,56	1,34
1,58	1,33
1,59	1,32
1,62	1,32
1,63	1,31
1,65	1,31
1,66	1,30
1,68	1,30
1,70	1,29
1,71	1,28
1,73	1,27
1,74	1,29
1,77	1,26
1,78	1,22
1,80	1,24
1,82	1,24
1,83	1,24
1,86	1,22
1,88	1,21
1,89	1,19
1,90	1,21
1,92	1,20
1,93	1,19
1,95	1,19
1,97	1,19
1,98	1,17
2,00	1,19
2,01	1,19
2,03	1,19
2,04	1,19
2,06	1,19
2,07	1,19
2,09	1,19
2,10	1,19
2,12	1,18
2,13	1,19
2,14	1,19
2,16	1,20
2,17	1,20
2,19	1,21
2,20	1,21
2,22	1,21
2,23	1,22
2,27	1,23
2,28	1,25
2,31	1,24
2,33	1,25
2,34	1,27
2,36	1,28
2,37	1,28
2,38	1,29
2,40	1,32
2,41	1,32
2,43	1,34
2,44	1,35
2,47	1,37
2,49	1,38
2,51	1,40
2,52	1,42
2,54	1,43
2,55	1,45
2,57	1,48
2,58	1,48
2,60	1,51
2,61	1,55
2,63	1,55
2,64	1,57
2,65	1,57
2,67	1,62
2,68	1,65
2,70	1,66
2,71	1,69
2,73	1,71
2,74	1,73
2,76	1,75
2,78	1,80
2,79	1,83
2,81	1,82
2,82	1,87
2,84	1,91
2,85	1,95
2,87	1,97
2,88	1,99
2,89	2,01
2,91	2,05
2,92	2,06
2,94	2,12
2,95	2,17
2,97	2,21
2,98	2,23
3,00	2,28
3,02	2,33
3,03	2,37
3,05	2,38
3,06	2,43
3,08	2,49
3,09	2,52
3,11	2,56
3,12	2,60
3,13	2,64
3,15	2,70
3,16	2,75
3,18	2,79
3,19	2,84
3,21	2,91
3,22	2,95
3,24	3,00
3,26	3,07
3,27	3,12
3,29	3,17
3,30	3,20
3,32	3,27
3,33	3,32
3,35	3,39
3,36	3,45
3,38	3,50
3,39	3,53
3,40	3,57
3,42	3,62
3,43	3,67
3,45	3,71
3,46	3,74
3,48	3,79
3,49	3,82
3,51	3,85
3,53	3,87
3,56	3,89
3,57	3,91
3,59	3,91
3,60	3,90
3,62	3,90
3,63	3,90
3,64	3,89
3,66	3,89
3,67	3,87
3,69	3,87
3,70	3,84
3,72	3,82
3,73	3,79
3,75	3,79
3,77	3,77
3,78	3,75
3,80	3,73
3,81	3,71
3,83	3,67
3,84	3,66
3,86	3,63
3,87	3,62
3,88	3,58
3,90	3,55
3,91	3,52
3,93	3,50
3,94	3,48
3,96	3,45
3,97	3,41
3,99	3,40
4,01	3,37
4,02	3,36
4,03	3,34
4,05	3,31
4,07	3,28
4,08	3,28
4,09	3,26
4,11	3,25
4,13	3,23
4,14	3,22
4,16	3,21
4,17	3,21
4,18	3,19
4,20	3,18
4,22	3,17
4,23	3,18
4,24	3,17
4,26	3,17
4,28	3,16
4,29	3,15
4,30	3,16
4,32	3,15
4,34	3,16
4,35	3,16
4,36	3,17
4,38	3,18
4,39	3,19
4,41	3,19
4,43	3,20
4,44	3,21
4,45	3,22
4,47	3,22
4,49	3,24
4,50	3,25
4,51	3,26
4,53	3,28
4,55	3,30
4,56	3,31
4,57	3,33
4,59	3,35
4,61	3,36
4,62	3,40
4,64	3,41
4,65	3,44
4,66	3,47
4,68	3,50
4,70	3,53
4,71	3,56
4,72	3,57
4,74	3,61
4,76	3,66
4,77	3,69
4,78	3,73
4,80	3,80
4,82	3,81
4,83	3,86
4,84	3,91
4,86	3,94
4,88	3,99
4,89	4,03
4,91	4,09
4,92	4,14
4,93	4,19
4,95	4,24
4,97	4,31
4,98	4,36
4,99	4,39
5,01	4,46
5,03	4,52
5,04	4,59
5,05	4,67
5,07	4,71
5,09	4,77
5,10	4,87
5,11	4,95
5,13	5,01
5,14	5,04
5,16	5,15
5,18	5,28
5,19	5,27
5,20	5,37
5,22	5,46
5,24	5,53
5,25	5,63
5,26	5,69
5,28	5,78
5,30	5,88
5,31	6,00
5,32	6,02
5,34	6,15
5,36	6,22
5,37	6,34
5,39	6,44
5,40	6,54
5,41	6,63
5,43	6,72
5,45	6,82
5,46	6,93
5,47	7,04
5,49	7,17
5,51	7,31
5,52	7,33
5,53	7,47
5,55	7,59
5,57	7,69
5,58	7,81
5,59	7,88
5,61	7,97
5,63	8,06
5,64	8,14
5,66	8,19
5,67	8,26
5,68	8,31
5,70	8,37
5,72	8,42
5,73	8,45
5,74	8,49
5,76	8,48
5,78	8,50
5,79	8,50
5,80	8,50
5,82	8,49
5,84	8,46
5,85	8,43
5,86	8,39
5,88	8,36
5,89	8,34
5,91	8,30
5,93	8,26
5,94	8,24
5,95	8,20
5,97	8,17
5,99	8,15
6,00	8,12
6,01	8,09
6,03	8,07
6,05	8,03
6,06	8,00
6,07	7,96
6,09	8,31
6,11	7,87
6,12	7,84
6,14	7,79
6,15	7,75
6,16	7,70
6,18	7,66
6,20	7,63
6,21	7,59
6,22	7,56
6,24	7,53
6,26	7,51
6,27	7,48
6,28	7,48
6,30	7,47
6,32	7,45
6,33	7,45
6,34	7,45
6,36	7,44
6,38	7,44
6,39	7,44
6,41	7,45
6,42	7,43
6,43	7,45
6,45	7,45
6,47	7,46
6,48	7,47
6,49	7,49
6,51	7,50
6,53	7,52
6,54	7,54
6,55	7,57
6,57	7,60
6,59	7,63
6,60	7,65
6,61	7,66
6,63	7,69
6,64	7,72
6,66	7,75
6,68	7,80
6,69	7,88
6,70	7,93
6,72	8,01
6,74	8,10
6,75	8,18
6,76	8,29
6,78	8,43
6,80	8,57
6,81	8,68
6,82	8,82
6,84	8,99
6,86	9,14
6,87	9,30
6,89	9,53
6,90	9,79
6,91	9,97
6,93	9,92
6,95	9,92
