Analog in 2	Analog in 1
U2/V	U1/V

0,52	1,87
0,54	1,90
0,56	1,91
0,57	1,91
0,58	1,94
0,60	1,95
0,62	1,95
0,63	1,97
0,64	1,99
0,66	1,99
0,68	2,03
0,69	2,04
0,70	2,06
0,72	2,08
0,74	2,08
0,75	2,12
0,76	2,10
0,78	2,13
0,80	2,14
0,81	2,17
0,82	2,19
0,84	2,23
0,86	2,22
0,87	2,23
0,88	2,24
0,90	2,27
0,93	2,31
0,94	2,31
0,98	2,34
0,99	2,36
1,02	2,39
1,03	2,42
1,05	2,46
1,07	2,45
1,08	2,46
1,10	2,48
1,11	2,48
1,13	2,52
1,14	2,53
1,17	2,56
1,18	2,58
1,20	2,59
1,22	2,62
1,23	2,64
1,25	2,66
1,26	2,68
1,27	2,69
1,29	2,72
1,30	2,73
1,32	2,76
1,34	2,76
1,35	2,79
1,37	2,82
1,38	2,83
1,39	2,87
1,41	2,87
1,42	2,90
1,44	2,92
1,47	2,96
1,49	3,02
1,50	3,04
1,51	3,05
1,53	3,07
1,54	3,08
1,56	3,11
1,58	3,13
1,59	3,17
1,61	3,18
1,62	3,20
1,63	3,24
1,66	3,26
1,68	3,28
1,70	3,31
1,71	3,33
1,73	3,35
1,74	3,36
1,75	3,40
1,77	3,41
1,80	3,44
1,82	3,48
1,83	3,48
1,85	3,51
1,86	3,53
1,88	3,55
1,89	3,59
1,92	3,63
1,93	3,63
1,95	3,67
1,97	3,69
1,98	3,70
2,00	3,74
2,01	3,77
2,03	3,79
2,04	3,79
2,06	3,81
2,07	3,85
2,09	3,87
2,10	3,89
2,12	3,90
2,13	3,93
2,16	3,98
2,19	4,01
2,20	4,05
2,22	4,07
2,23	4,07
2,25	4,11
2,27	4,11
2,28	4,16
2,30	4,18
2,31	4,22
2,33	4,23
2,36	4,28
2,37	4,30
2,38	4,31
2,40	4,35
2,41	4,36
2,43	4,40
2,44	4,40
2,46	4,45
2,49	4,48
2,51	4,53
2,52	4,52
2,54	4,56
2,55	4,59
2,57	4,62
2,58	4,67
2,60	4,68
2,61	4,67
2,63	4,67
2,64	4,72
2,65	4,76
2,67	4,77
2,68	4,79
2,70	4,83
2,71	4,85
2,73	4,86
2,74	4,90
2,76	4,92
2,78	4,93
2,79	4,98
2,81	4,98
2,82	5,03
2,84	5,04
2,85	5,08
2,87	5,09
2,88	5,09
2,89	5,12
2,91	5,17
2,92	5,16
2,94	5,21
2,95	5,27
2,97	5,27
2,98	5,29
3,00	5,31
3,02	5,33
3,03	5,36
3,05	5,37
3,06	5,40
3,08	5,43
3,09	5,45
3,11	5,49
3,12	5,50
3,15	5,54
3,16	5,56
3,18	5,60
3,19	5,63
3,21	5,65
3,22	5,67
3,24	5,70
3,26	5,72
3,27	5,74
3,29	5,78
3,30	5,77
3,32	5,82
3,33	5,86
3,36	5,88
3,38	5,91
3,39	5,95
3,40	5,95
3,42	6,00
3,43	6,02
3,45	6,06
3,46	6,03
3,48	6,09
3,49	6,11
3,51	6,12
3,53	6,17
3,54	6,20
3,56	6,21
3,57	6,24
3,59	6,25
3,60	6,29
3,62	6,30
3,63	6,31
3,64	6,34
3,66	6,38
3,67	6,41
3,69	6,42
3,70	6,45
3,72	6,49
3,73	6,50
3,75	6,54
3,77	6,55
3,78	6,58
3,80	6,60
3,81	6,64
3,83	6,65
3,84	6,67
3,86	6,70
3,87	6,74
3,88	6,75
3,90	6,77
3,91	6,80
3,93	6,85
3,96	6,89
3,97	6,91
3,99	6,93
4,01	6,94
4,02	6,98
4,03	7,03
4,05	7,02
4,07	7,05
4,08	7,08
4,09	7,10
4,11	7,13
4,13	7,17
4,14	7,18
4,16	7,21
4,17	7,23
4,18	7,28
4,20	7,27
4,22	7,30
4,23	7,36
4,24	7,36
4,26	7,40
4,28	7,43
4,29	7,45
4,30	7,49
4,32	7,49
4,34	7,55
4,35	7,55
4,36	7,57
4,38	7,63
4,39	7,64
4,41	7,68
4,43	7,67
4,44	7,73
4,47	7,77
4,49	7,81
4,50	7,82
4,51	7,87
4,53	7,90
4,55	7,90
4,56	7,95
4,57	7,97
4,59	8,01
4,61	8,02
4,62	8,04
4,64	8,09
4,65	8,12
4,66	8,15
4,68	8,18
4,70	8,22
4,71	8,24
4,72	8,27
4,74	8,29
4,76	8,33
4,77	8,34
4,78	8,38
4,80	8,41
4,82	8,43
4,83	8,46
4,84	8,50
4,86	8,52
4,88	8,55
4,89	8,59
4,91	8,60
4,92	8,64
4,93	8,67
4,95	8,69
4,97	8,73
4,98	8,76
4,99	8,79
5,01	8,82
5,03	8,85
5,04	8,87
5,05	8,92
5,07	8,94
5,09	8,98
5,10	8,99
5,11	9,02
5,13	9,07
5,14	9,10
5,16	9,11
5,18	9,14
5,19	9,17
5,20	9,20
5,22	9,24
5,24	9,27
5,25	9,30
5,26	9,33
5,28	9,35
