Number	Analog in 1	Analog in 2
n/#	U1/V	U2/V

1,0	0,19	0,51
2,0	0,23	0,52
3,0	0,24	0,56
4,0	0,27	0,56
5,0	0,30	0,58
6,0	0,33	0,60
7,0	0,35	0,60
8,0	0,38	0,62
9,0	0,39	0,64
10,0	0,42	0,66
11,0	0,41	0,68
12,0	0,46	0,69
13,0	0,51	0,70
14,0	0,51	0,72
15,0	0,53	0,74
16,0	0,52	0,76
17,0	0,57	0,78
18,0	0,57	0,78
19,0	0,61	0,80
20,0	0,63	0,82
21,0	0,67	0,84
22,0	0,67	0,84
23,0	0,67	0,86
24,0	0,70	0,88
25,0	0,72	0,90
26,0	0,74	0,92
27,0	0,75	0,93
28,0	0,76	0,93
29,0	0,78	0,96
30,0	0,80	0,99
31,0	0,79	0,99
32,0	0,83	1,00
33,0	0,84	1,02
34,0	0,85	1,03
35,0	0,87	1,05
36,0	0,87	1,07
37,0	0,90	1,08
38,0	0,90	1,10
39,0	0,92	1,13
40,0	0,95	1,13
41,0	0,95	1,14
42,0	0,96	1,15
43,0	0,95	1,17
44,0	0,99	1,18
45,0	0,99	1,22
46,0	1,02	1,22
47,0	1,01	1,23
48,0	1,01	1,25
49,0	1,04	1,27
50,0	1,04	1,29
51,0	1,06	1,27
52,0	1,06	1,30
53,0	1,08	1,32
54,0	1,08	1,34
55,0	1,08	1,35
56,0	1,07	1,38
57,0	1,10	1,38
58,0	1,11	1,39
59,0	1,12	1,41
60,0	1,13	1,42
61,0	1,13	1,44
62,0	1,14	1,46
63,0	1,14	1,49
64,0	1,16	1,49
65,0	1,16	1,50
66,0	1,16	1,51
67,0	1,17	1,53
68,0	1,20	1,53
69,0	1,19	1,56
70,0	1,19	1,58
71,0	1,21	1,59
72,0	1,21	1,61
73,0	1,20	1,61
74,0	1,22	1,63
75,0	1,23	1,65
76,0	1,24	1,65
77,0	1,24	1,68
78,0	1,25	1,70
79,0	1,25	1,71
80,0	1,26	1,73
81,0	1,25	1,74
82,0	1,27	1,74
83,0	1,26	1,75
84,0	1,28	1,77
85,0	1,29	1,80
86,0	1,28	1,80
87,0	1,29	1,82
88,0	1,31	1,83
89,0	1,31	1,85
90,0	1,32	1,86
91,0	1,33	1,88
92,0	1,32	1,89
93,0	1,33	1,90
94,0	1,33	1,92
95,0	1,34	1,92
96,0	1,34	1,95
97,0	1,34	1,95
98,0	1,37	1,98
99,0	1,34	1,98
100,0	1,36	2,00
101,0	1,36	2,04
102,0	1,36	2,03
103,0	1,35	2,04
104,0	1,38	2,06
105,0	1,38	2,07
106,0	1,38	2,09
107,0	1,39	2,09
108,0	1,38	2,12
109,0	1,40	2,12
110,0	1,41	2,13
111,0	1,41	2,14
112,0	1,42	2,16
113,0	1,44	2,17
114,0	1,42	2,19
115,0	1,43	2,19
116,0	1,44	2,22
117,0	1,44	2,22
118,0	1,41	2,23
119,0	1,44	2,27
120,0	1,44	2,28
121,0	1,44	2,30
122,0	1,46	2,30
123,0	1,48	2,31
124,0	1,46	2,33
125,0	1,47	2,34
126,0	1,47	2,36
127,0	1,48	2,36
128,0	1,47	2,37
129,0	1,48	2,38
130,0	1,51	2,41
131,0	1,50	2,41
132,0	1,50	2,43
133,0	1,47	2,44
134,0	1,50	2,46
135,0	1,51	2,47
136,0	1,51	2,49
137,0	1,51	2,49
138,0	1,54	2,51
139,0	1,52	2,52
140,0	1,53	2,55
141,0	1,53	2,55
142,0	1,52	2,52
143,0	1,51	2,58
144,0	1,53	2,60
145,0	1,53	2,60
146,0	1,53	2,61
147,0	1,54	2,63
148,0	1,56	2,63
149,0	1,54	2,65
150,0	1,56	2,67
151,0	1,55	2,68
152,0	1,55	2,67
153,0	1,55	2,70
154,0	1,56	2,71
155,0	1,55	2,73
156,0	1,56	2,73
157,0	1,56	2,74
158,0	1,60	2,78
159,0	1,57	2,79
160,0	1,58	2,79
161,0	1,58	2,81
162,0	1,57	2,81
163,0	1,60	2,82
164,0	1,57	2,85
165,0	1,55	2,85
166,0	1,58	2,87
167,0	1,58	2,88
168,0	1,57	2,89
169,0	1,59	2,91
170,0	1,58	2,92
171,0	1,59	2,92
172,0	1,59	2,95
173,0	1,59	2,94
174,0	1,59	2,97
175,0	1,59	2,98
176,0	1,59	2,98
177,0	1,60	3,00
178,0	1,58	3,02
179,0	1,60	3,03
180,0	1,61	3,05
181,0	1,60	3,05
182,0	1,61	3,06
183,0	1,59	3,08
184,0	1,61	3,09
185,0	1,61	3,11
186,0	1,61	3,11
187,0	1,61	3,12
188,0	1,63	3,13
189,0	1,62	3,15
190,0	1,63	3,16
191,0	1,62	3,16
192,0	1,62	3,18
193,0	1,62	3,19
194,0	1,62	3,21
195,0	1,62	3,22
196,0	1,63	3,22
197,0	1,62	3,24
198,0	1,64	3,24
199,0	1,63	3,27
200,0	1,61	3,29
201,0	1,63	3,29
202,0	1,64	3,30
203,0	1,61	3,32
204,0	1,64	3,33
205,0	1,64	3,35
206,0	1,65	3,35
207,0	1,64	3,36
208,0	1,65	3,38
209,0	1,65	3,39
210,0	1,69	3,39
211,0	1,66	3,40
212,0	1,65	3,42
213,0	1,66	3,42
214,0	1,67	3,43
215,0	1,67	3,46
216,0	1,68	3,46
217,0	1,68	3,48
218,0	1,69	3,48
219,0	1,69	3,51
220,0	1,67	3,51
221,0	1,70	3,53
222,0	1,71	3,54
223,0	1,70	3,54
224,0	1,71	3,56
225,0	1,71	3,59
226,0	1,73	3,59
227,0	1,73	3,59
228,0	1,74	3,59
229,0	1,74	3,62
230,0	1,76	3,64
231,0	1,75	3,63
232,0	1,76	3,66
233,0	1,75	3,66
234,0	1,77	3,67
235,0	1,75	3,67
236,0	1,77	3,69
237,0	1,78	3,70
238,0	1,78	3,70
239,0	1,79	3,73
240,0	1,79	3,73
241,0	1,81	3,75
242,0	1,82	3,75
243,0	1,81	3,78
244,0	1,82	3,80
245,0	1,84	3,80
246,0	1,83	3,80
247,0	1,84	3,81
248,0	1,85	3,83
249,0	1,85	3,84
250,0	1,86	3,84
251,0	1,86	3,86
252,0	1,88	3,87
253,0	1,89	3,88
254,0	1,88	3,90
255,0	1,87	3,90
256,0	1,89	3,91
257,0	1,90	3,91
258,0	1,90	3,93
259,0	1,91	3,94
260,0	1,95	3,96
261,0	1,92	3,96
262,0	1,92	3,97
263,0	1,94	3,99
264,0	1,94	3,99
265,0	1,92	4,01
266,0	1,95	4,02
267,0	1,96	4,02
268,0	1,96	4,05
269,0	1,97	4,07
270,0	1,99	4,07
271,0	1,99	4,09
272,0	2,00	4,08
273,0	2,00	4,09
274,0	2,00	4,11
275,0	2,01	4,11
276,0	2,01	4,13
277,0	2,00	4,14
278,0	2,02	4,14
279,0	2,03	4,16
280,0	2,03	4,17
281,0	2,03	4,17
282,0	2,03	4,18
283,0	2,05	4,18
284,0	2,05	4,22
285,0	2,05	4,23
286,0	2,06	4,23
287,0	2,06	4,23
288,0	2,07	4,24
289,0	2,08	4,26
290,0	2,10	4,28
291,0	2,09	4,28
292,0	2,08	4,29
293,0	2,10	4,29
294,0	2,10	4,32
295,0	2,12	4,32
296,0	2,11	4,32
297,0	2,11	4,35
298,0	2,12	4,35
299,0	2,13	4,36
300,0	2,11	4,38
301,0	2,13	4,38
302,0	2,12	4,39
303,0	2,14	4,41
304,0	2,14	4,43
305,0	2,17	4,43
306,0	2,15	4,43
307,0	2,17	4,44
308,0	2,17	4,45
309,0	2,16	4,45
310,0	2,15	4,47
311,0	2,17	4,47
312,0	2,15	4,49
313,0	2,17	4,50
314,0	2,17	4,51
315,0	2,20	4,51
316,0	2,18	4,53
317,0	2,21	4,53
318,0	2,19	4,56
319,0	2,19	4,56
320,0	2,21	4,56
321,0	2,19	4,57
322,0	2,19	4,59
323,0	2,19	4,59
324,0	2,19	4,61
325,0	2,18	4,62
326,0	2,20	4,62
327,0	2,20	4,64
328,0	2,20	4,65
329,0	2,20	4,66
330,0	2,21	4,66
331,0	2,20	4,66
332,0	2,19	4,70
333,0	2,20	4,70
334,0	2,21	4,71
335,0	2,21	4,71
336,0	2,21	4,72
337,0	2,21	4,72
338,0	2,21	4,76
339,0	2,22	4,76
340,0	2,21	4,77
341,0	2,22	4,77
342,0	2,22	4,78
343,0	2,21	4,80
344,0	2,22	4,80
345,0	2,24	4,82
346,0	2,23	4,82
347,0	2,25	4,83
348,0	2,24	4,84
349,0	2,24	4,84
350,0	2,23	4,86
351,0	2,25	4,86
352,0	2,27	4,89
353,0	2,25	4,88
354,0	2,25	4,89
355,0	2,26	4,91
356,0	2,25	4,91
357,0	2,28	4,91
358,0	2,26	4,93
359,0	2,26	4,95
360,0	2,26	4,95
361,0	2,25	4,97
362,0	2,24	4,98
363,0	2,26	4,98
364,0	2,26	4,99
365,0	2,25	5,01
366,0	2,26	4,99
367,0	2,23	5,01
368,0	2,26	5,03
369,0	2,25	5,03
370,0	2,26	5,04
371,0	2,26	5,05
372,0	2,24	5,07
373,0	2,25	5,07
374,0	2,26	5,09
375,0	2,25	5,09
376,0	2,26	5,07
377,0	2,22	5,10
378,0	2,25	5,11
379,0	2,26	5,13
380,0	2,26	5,13
381,0	2,25	5,14
382,0	2,25	5,14
383,0	2,26	5,16
384,0	2,24	5,16
385,0	2,25	5,18
386,0	2,26	5,18
387,0	2,24	5,19
388,0	2,26	5,20
389,0	2,26	5,20
390,0	2,26	5,22
391,0	2,26	5,22
392,0	2,27	5,24
393,0	2,26	5,25
394,0	2,28	5,26
395,0	2,26	5,26
396,0	2,26	5,26
397,0	2,26	5,28
398,0	2,27	5,30
399,0	2,25	5,30
400,0	2,27	5,31
401,0	2,27	5,31
402,0	2,28	5,34
403,0	2,27	5,34
404,0	2,27	5,34
405,0	2,28	5,36
406,0	2,28	5,36
407,0	2,27	5,37
408,0	2,29	5,37
409,0	2,31	5,39
410,0	2,29	5,40
411,0	2,30	5,40
412,0	2,32	5,41
413,0	2,30	5,41
414,0	2,31	5,43
415,0	2,31	5,43
416,0	2,32	5,45
417,0	2,30	5,45
418,0	2,32	5,46
419,0	2,31	5,47
420,0	2,33	5,47
421,0	2,34	5,47
422,0	2,34	5,49
423,0	2,34	5,51
424,0	2,34	5,51
425,0	2,35	5,52
426,0	2,35	5,52
427,0	2,37	5,53
428,0	2,37	5,55
429,0	2,36	5,53
430,0	2,38	5,57
431,0	2,39	5,57
432,0	2,37	5,58
433,0	2,40	5,58
434,0	2,41	5,59
435,0	2,41	5,61
436,0	2,41	5,59
437,0	2,42	5,61
438,0	2,43	5,63
439,0	2,44	5,64
440,0	2,44	5,64
441,0	2,45	5,66
442,0	2,47	5,66
443,0	2,47	5,67
444,0	2,47	5,68
445,0	2,48	5,68
446,0	2,49	5,68
447,0	2,49	5,68
448,0	2,50	5,72
449,0	2,53	5,72
450,0	2,52	5,73
451,0	2,53	5,73
452,0	2,54	5,73
453,0	2,55	5,76
454,0	2,54	5,74
455,0	2,56	5,76
456,0	2,56	5,78
457,0	2,58	5,79
458,0	2,59	5,79
459,0	2,60	5,79
460,0	2,61	5,79
461,0	2,62	5,80
462,0	2,63	5,82
463,0	2,63	5,82
464,0	2,66	5,84
465,0	2,66	5,84
466,0	2,67	5,85
467,0	2,67	5,86
468,0	2,68	5,86
469,0	2,71	5,88
470,0	2,71	5,88
471,0	2,71	5,88
472,0	2,74	5,89
473,0	2,73	5,91
474,0	2,73	5,91
475,0	2,76	5,91
476,0	2,77	5,91
477,0	2,79	5,93
478,0	2,79	5,95
479,0	2,80	5,95
480,0	2,82	5,95
481,0	2,82	5,95
482,0	2,84	5,97
483,0	2,84	5,99
484,0	2,85	6,00
485,0	2,87	6,00
486,0	2,86	6,00
487,0	2,89	6,03
488,0	2,90	6,03
489,0	2,93	6,03
490,0	2,92	6,03
491,0	2,92	6,03
492,0	2,95	6,05
493,0	2,95	6,06
494,0	2,93	6,07
495,0	2,96	6,07
496,0	2,99	6,07
497,0	2,98	6,09
498,0	2,99	6,07
499,0	3,00	6,11
500,0	3,01	6,11
501,0	3,01	6,11
502,0	3,04	6,12
503,0	3,04	6,15
504,0	3,06	6,14
505,0	3,07	6,15
506,0	3,07	6,15
507,0	3,09	6,15
508,0	3,10	6,16
509,0	3,12	6,18
510,0	3,12	6,16
511,0	3,13	6,18
512,0	3,14	6,20
513,0	3,15	6,21
514,0	3,15	6,21
515,0	3,17	6,21
516,0	3,18	6,22
517,0	3,18	6,22
518,0	3,19	6,24
519,0	3,20	6,26
520,0	3,21	6,24
521,0	3,21	6,27
522,0	3,23	6,27
523,0	3,23	6,28
524,0	3,24	6,28
525,0	3,24	6,28
526,0	3,23	6,30
527,0	3,26	6,32
528,0	3,27	6,32
529,0	3,27	6,32
530,0	3,27	6,33
531,0	3,28	6,33
532,0	3,28	6,34
533,0	3,29	6,36
534,0	3,31	6,34
535,0	3,30	6,34
536,0	3,30	6,36
537,0	3,31	6,38
538,0	3,31	6,39
539,0	3,33	6,39
540,0	3,32	6,39
541,0	3,35	6,41
542,0	3,33	6,41
543,0	3,33	6,42
544,0	3,35	6,43
545,0	3,34	6,43
546,0	3,36	6,43
547,0	3,34	6,45
548,0	3,35	6,47
549,0	3,33	6,47
550,0	3,35	6,47
551,0	3,37	6,47
552,0	3,36	6,48
553,0	3,36	6,49
554,0	3,35	6,49
555,0	3,36	6,49
556,0	3,36	6,49
557,0	3,38	6,51
558,0	3,37	6,53
559,0	3,37	6,53
560,0	3,37	6,53
561,0	3,37	6,54
562,0	3,37	6,55
563,0	3,37	6,55
564,0	3,36	6,55
565,0	3,37	6,57
566,0	3,35	6,57
567,0	3,37	6,59
568,0	3,38	6,59
569,0	3,38	6,60
570,0	3,38	6,60
571,0	3,36	6,60
572,0	3,38	6,61
573,0	3,37	6,63
574,0	3,37	6,63
575,0	3,37	6,63
576,0	3,39	6,64
577,0	3,37	6,64
578,0	3,37	6,66
579,0	3,36	6,68
580,0	3,37	6,66
581,0	3,40	6,68
582,0	3,37	6,69
583,0	3,37	6,70
584,0	3,37	6,69
585,0	3,37	6,70
586,0	3,36	6,69
587,0	3,36	6,72
588,0	3,35	6,72
589,0	3,37	6,74
590,0	3,36	6,72
591,0	3,37	6,74
592,0	3,35	6,74
593,0	3,35	6,75
594,0	3,37	6,76
595,0	3,35	6,76
596,0	3,33	6,76
597,0	3,35	6,78
598,0	3,34	6,80
599,0	3,35	6,80
600,0	3,34	6,80
601,0	3,35	6,81
602,0	3,34	6,81
603,0	3,33	6,81
604,0	3,33	6,82
605,0	3,33	6,82
606,0	3,32	6,82
607,0	3,33	6,84
608,0	3,32	6,86
609,0	3,33	6,86
610,0	3,32	6,86
611,0	3,32	6,86
612,0	3,31	6,87
613,0	3,31	6,87
614,0	3,33	6,89
615,0	3,31	6,89
616,0	3,31	6,89
617,0	3,31	6,90
618,0	3,30	6,90
619,0	3,31	6,91
620,0	3,29	6,91
621,0	3,32	6,90
622,0	3,29	6,95
623,0	3,29	6,95
624,0	3,28	6,95
625,0	3,28	6,96
626,0	3,29	6,96
627,0	3,28	6,97
628,0	3,28	6,97
629,0	3,26	6,97
630,0	3,27	6,97
631,0	3,25	6,99
632,0	3,27	6,99
633,0	3,27	7,01
634,0	3,27	7,01
635,0	3,26	7,01
636,0	3,27	7,02
637,0	3,25	7,03
638,0	3,26	7,03
639,0	3,26	7,03
640,0	3,25	7,03
641,0	3,23	7,05
642,0	3,25	7,07
643,0	3,25	7,07
644,0	3,25	7,07
645,0	3,25	7,07
646,0	3,24	7,08
647,0	3,24	7,08
648,0	3,25	7,09
649,0	3,23	7,07
650,0	3,24	7,09
651,0	3,25	7,11
652,0	3,23	7,11
653,0	3,23	7,11
654,0	3,24	7,14
655,0	3,24	7,13
656,0	3,24	7,14
657,0	3,24	7,14
658,0	3,24	7,16
659,0	3,23	7,16
660,0	3,24	7,16
661,0	3,23	7,17
662,0	3,24	7,17
663,0	3,24	7,18
664,0	3,23	7,18
665,0	3,24	7,18
666,0	3,24	7,20
667,0	3,23	7,20
668,0	3,24	7,22
669,0	3,24	7,22
670,0	3,24	7,22
671,0	3,22	7,23
672,0	3,24	7,23
673,0	3,25	7,24
674,0	3,24	7,24
675,0	3,25	7,24
676,0	3,27	7,26
677,0	3,25	7,28
678,0	3,27	7,28
679,0	3,25	7,28
680,0	3,25	7,28
681,0	3,25	7,28
682,0	3,25	7,29
683,0	3,26	7,29
684,0	3,27	7,29
685,0	3,27	7,29
686,0	3,24	7,30
687,0	3,27	7,32
688,0	3,27	7,32
689,0	3,28	7,34
690,0	3,28	7,32
691,0	3,31	7,34
692,0	3,28	7,35
693,0	3,29	7,35
694,0	3,29	7,35
695,0	3,29	7,35
696,0	3,31	7,36
697,0	3,29	7,36
698,0	3,31	7,38
699,0	3,30	7,38
700,0	3,31	7,38
701,0	3,33	7,39
702,0	3,31	7,41
703,0	3,33	7,41
704,0	3,32	7,41
705,0	3,33	7,43
706,0	3,33	7,43
707,0	3,34	7,43
708,0	3,33	7,44
709,0	3,34	7,44
710,0	3,35	7,43
711,0	3,37	7,45
712,0	3,36	7,45
713,0	3,37	7,45
714,0	3,37	7,45
715,0	3,38	7,45
716,0	3,38	7,47
717,0	3,38	7,49
718,0	3,39	7,49
719,0	3,41	7,49
720,0	3,41	7,49
721,0	3,42	7,50
722,0	3,42	7,50
723,0	3,42	7,53
724,0	3,43	7,51
725,0	3,44	7,53
726,0	3,45	7,53
727,0	3,45	7,55
728,0	3,45	7,55
729,0	3,46	7,55
730,0	3,48	7,56
731,0	3,51	7,55
732,0	3,48	7,57
733,0	3,50	7,56
734,0	3,50	7,57
735,0	3,51	7,57
736,0	3,53	7,59
737,0	3,52	7,57
738,0	3,55	7,61
739,0	3,54	7,59
740,0	3,55	7,59
741,0	3,57	7,61
742,0	3,57	7,61
743,0	3,56	7,62
744,0	3,58	7,64
745,0	3,59	7,62
746,0	3,62	7,64
747,0	3,60	7,64
748,0	3,63	7,65
749,0	3,62	7,65
750,0	3,63	7,64
751,0	3,67	7,66
752,0	3,65	7,66
753,0	3,64	7,68
754,0	3,68	7,68
755,0	3,69	7,66
756,0	3,66	7,68
757,0	3,70	7,70
758,0	3,72	7,70
759,0	3,72	7,70
760,0	3,73	7,71
761,0	3,74	7,70
762,0	3,76	7,71
763,0	3,76	7,71
764,0	3,77	7,72
765,0	3,78	7,72
766,0	3,82	7,74
767,0	3,80	7,74
768,0	3,82	7,74
769,0	3,83	7,74
770,0	3,84	7,74
771,0	3,84	7,76
772,0	3,86	7,76
773,0	3,87	7,77
774,0	3,88	7,77
775,0	3,89	7,77
776,0	3,92	7,78
777,0	3,92	7,78
778,0	3,94	7,78
779,0	3,95	7,78
780,0	3,95	7,78
781,0	3,96	7,80
782,0	3,96	7,82
783,0	4,00	7,83
784,0	4,00	7,82
785,0	4,00	7,82
786,0	4,03	7,82
787,0	4,03	7,83
788,0	4,04	7,84
789,0	4,05	7,84
790,0	4,07	7,83
791,0	4,10	7,84
792,0	4,09	7,86
793,0	4,12	7,84
794,0	4,11	7,86
795,0	4,13	7,86
796,0	4,12	7,88
797,0	4,15	7,88
798,0	4,17	7,89
799,0	4,18	7,89
800,0	4,19	7,89
801,0	4,21	7,91
802,0	4,22	7,91
803,0	4,22	7,91
804,0	4,24	7,92
805,0	4,25	7,91
806,0	4,25	7,92
807,0	4,28	7,93
808,0	4,31	7,93
809,0	4,31	7,93
810,0	4,32	7,93
811,0	4,35	7,95
812,0	4,35	7,95
813,0	4,35	7,97
814,0	4,37	7,97
815,0	4,38	7,97
816,0	4,39	7,97
817,0	4,41	7,98
818,0	4,42	7,98
819,0	4,43	7,99
820,0	4,45	7,98
821,0	4,46	7,99
822,0	4,47	7,99
823,0	4,47	8,01
824,0	4,50	8,01
825,0	4,51	8,01
826,0	4,50	8,01
827,0	4,54	8,02
828,0	4,53	8,02
829,0	4,56	8,02
830,0	4,58	8,02
831,0	4,58	8,04
832,0	4,60	8,04
833,0	4,62	8,04
834,0	4,63	8,06
835,0	4,64	8,06
836,0	4,64	8,07
837,0	4,66	8,07
838,0	4,69	8,07
839,0	4,69	8,07
840,0	4,70	8,07
841,0	4,73	8,09
842,0	4,73	8,09
843,0	4,76	8,10
844,0	4,74	8,10
845,0	4,76	8,10
846,0	4,80	8,10
847,0	4,78	8,11
848,0	4,79	8,11
849,0	4,81	8,11
850,0	4,82	8,11
851,0	4,83	8,11
852,0	4,84	8,13
853,0	4,84	8,13
854,0	4,86	8,15
855,0	4,88	8,15
856,0	4,89	8,15
857,0	4,90	8,16
858,0	4,90	8,16
859,0	4,92	8,16
860,0	4,93	8,18
861,0	4,94	8,16
862,0	4,95	8,18
863,0	4,95	8,18
864,0	4,98	8,18
865,0	4,99	8,18
866,0	5,01	8,19
867,0	5,01	8,20
868,0	5,00	8,20
869,0	5,03	8,20
870,0	5,04	8,20
871,0	5,06	8,20
872,0	5,06	8,22
873,0	5,06	8,23
874,0	5,08	8,22
875,0	5,08	8,23
876,0	5,09	8,23
877,0	5,10	8,23
878,0	5,14	8,23
879,0	5,12	8,23
880,0	5,13	8,25
881,0	5,14	8,27
882,0	5,15	8,27
883,0	5,14	8,27
884,0	5,16	8,27
885,0	5,17	8,27
886,0	5,19	8,28
887,0	5,19	8,28
888,0	5,19	8,30
889,0	5,20	8,30
890,0	5,22	8,30
891,0	5,21	8,30
892,0	5,23	8,31
893,0	5,23	8,31
894,0	5,24	8,31
895,0	5,25	8,31
896,0	5,28	8,31
897,0	5,26	8,31
898,0	5,28	8,32
899,0	5,27	8,32
900,0	5,28	8,32
901,0	5,29	8,34
902,0	5,30	8,35
903,0	5,31	8,34
904,0	5,31	8,35
905,0	5,31	8,35
906,0	5,32	8,35
907,0	5,32	8,37
908,0	5,29	8,37
909,0	5,33	8,37
910,0	5,33	8,37
911,0	5,34	8,37
912,0	5,34	8,39
913,0	5,33	8,39
914,0	5,35	8,40
915,0	5,35	8,39
916,0	5,37	8,39
917,0	5,36	8,40
918,0	5,38	8,41
919,0	5,37	8,41
920,0	5,38	8,41
921,0	5,39	8,41
922,0	5,37	8,43
923,0	5,40	8,43
924,0	5,38	8,43
925,0	5,39	8,43
926,0	5,39	8,43
927,0	5,39	8,44
928,0	5,40	8,44
929,0	5,40	8,44
930,0	5,40	8,44
931,0	5,40	8,46
932,0	5,40	8,46
933,0	5,39	8,48
934,0	5,41	8,48
935,0	5,40	8,46
936,0	5,41	8,48
937,0	5,40	8,49
938,0	5,39	8,49
939,0	5,41	8,49
940,0	5,41	8,49
941,0	5,42	8,49
942,0	5,41	8,51
943,0	5,43	8,51
944,0	5,41	8,51
945,0	5,42	8,51
946,0	5,42	8,52
947,0	5,41	8,52
948,0	5,41	8,52
949,0	5,41	8,52
950,0	5,40	8,52
951,0	5,39	8,53
952,0	5,41	8,53
953,0	5,40	8,52
954,0	5,41	8,55
955,0	5,41	8,55
956,0	5,40	8,55
957,0	5,41	8,56
958,0	5,44	8,56
959,0	5,41	8,56
960,0	5,42	8,56
961,0	5,41	8,56
962,0	5,41	8,58
963,0	5,42	8,58
964,0	5,40	8,58
965,0	5,41	8,58
966,0	5,41	8,58
967,0	5,40	8,60
968,0	5,41	8,60
969,0	5,40	8,60
970,0	5,41	8,61
971,0	5,38	8,61
972,0	5,39	8,63
973,0	5,37	8,63
974,0	5,39	8,61
975,0	5,39	8,61
976,0	5,39	8,63
977,0	5,38	8,64
978,0	5,36	8,64
979,0	5,37	8,64
980,0	5,36	8,63
981,0	5,37	8,65
982,0	5,37	8,65
983,0	5,37	8,65
984,0	5,35	8,65
985,0	5,35	8,65
986,0	5,33	8,64
987,0	5,33	8,67
988,0	5,30	8,67
989,0	5,32	8,67
990,0	5,32	8,67
991,0	5,30	8,69
992,0	5,30	8,69
993,0	5,31	8,69
994,0	5,29	8,69
995,0	5,29	8,69
996,0	5,29	8,70
997,0	5,28	8,72
998,0	5,26	8,70
999,0	5,27	8,70
1000,0	5,27	8,70
1001,0	5,26	8,72
1002,0	5,26	8,72
1003,0	5,29	8,72
1004,0	5,26	8,72
1005,0	5,25	8,72
1006,0	5,24	8,73
1007,0	5,25	8,74
1008,0	5,25	8,74
1009,0	5,25	8,74
1010,0	5,24	8,73
1011,0	5,24	8,74
1012,0	5,23	8,76
1013,0	5,24	8,74
1014,0	5,23	8,76
1015,0	5,24	8,76
1016,0	5,23	8,76
1017,0	5,22	8,77
1018,0	5,21	8,77
1019,0	5,22	8,77
1020,0	5,20	8,77
1021,0	5,22	8,77
1022,0	5,21	8,79
1023,0	5,22	8,79
1024,0	5,20	8,79
1025,0	5,20	8,79
1026,0	5,19	8,79
1027,0	5,19	8,81
1028,0	5,20	8,79
1029,0	5,18	8,81
1030,0	5,17	8,81
1031,0	5,17	8,82
1032,0	5,17	8,84
1033,0	5,19	8,82
1034,0	5,16	8,82
1035,0	5,14	8,82
1036,0	5,14	8,84
1037,0	5,15	8,86
1038,0	5,13	8,84
1039,0	5,14	8,84
1040,0	5,12	8,84
1041,0	5,13	8,85
1042,0	5,13	8,85
1043,0	5,10	8,85
1044,0	5,12	8,85
1045,0	5,11	8,86
1046,0	5,11	8,86
1047,0	5,11	8,86
1048,0	5,12	8,86
1049,0	5,10	8,88
1050,0	5,11	8,86
1051,0	5,10	8,88
1052,0	5,09	8,90
1053,0	5,09	8,90
1054,0	5,08	8,90
1055,0	5,07	8,90
1056,0	5,07	8,90
1057,0	5,07	8,91
1058,0	5,07	8,91
1059,0	5,06	8,90
1060,0	5,05	8,91
1061,0	5,06	8,91
1062,0	5,05	8,93
1063,0	5,05	8,91
1064,0	5,04	8,91
1065,0	5,02	8,93
1066,0	5,03	8,93
1067,0	5,03	8,94
1068,0	5,02	8,93
1069,0	5,02	8,94
1070,0	5,04	8,94
1071,0	5,01	8,95
1072,0	5,01	8,95
1073,0	5,02	8,95
1074,0	5,00	8,94
1075,0	5,01	8,95
1076,0	5,00	8,95
1077,0	4,99	8,97
1078,0	4,98	8,97
1079,0	4,99	8,97
1080,0	4,99	8,97
1081,0	4,99	8,98
1082,0	4,98	8,98
1083,0	4,99	8,98
1084,0	4,97	8,98
1085,0	4,97	8,98
1086,0	4,97	8,98
1087,0	4,97	9,00
1088,0	4,99	9,00
1089,0	4,96	9,00
1090,0	4,97	9,00
1091,0	4,94	9,00
1092,0	4,95	9,02
1093,0	4,97	9,02
1094,0	4,95	9,02
1095,0	4,93	9,03
1096,0	4,94	9,02
1097,0	4,93	9,03
1098,0	4,94	9,03
1099,0	4,93	9,02
1100,0	4,92	9,03
1101,0	4,92	9,03
1102,0	4,92	9,05
1103,0	4,93	9,05
1104,0	4,92	9,05
1105,0	4,92	9,05
1106,0	4,90	9,05
1107,0	4,92	9,05
1108,0	4,91	9,06
1109,0	4,91	9,06
1110,0	4,90	9,06
1111,0	4,90	9,07
1112,0	4,91	9,07
1113,0	4,90	9,07
1114,0	4,90	9,07
1115,0	4,92	9,07
1116,0	4,89	9,07
1117,0	4,89	9,07
1118,0	4,91	9,09
1119,0	4,89	9,09
1120,0	4,86	9,09
1121,0	4,89	9,09
1122,0	4,89	9,09
1123,0	4,87	9,10
1124,0	4,88	9,10
1125,0	4,88	9,10
1126,0	4,87	9,10
1127,0	4,88	9,10
1128,0	4,88	9,10
1129,0	4,87	9,10
1130,0	4,88	9,12
1131,0	4,87	9,14
1132,0	4,88	9,14
1133,0	4,86	9,14
1134,0	4,86	9,12
1135,0	4,85	9,14
1136,0	4,86	9,14
1137,0	4,87	9,14
1138,0	4,86	9,15
1139,0	4,86	9,14
1140,0	4,87	9,15
1141,0	4,86	9,15
1142,0	4,85	9,16
1143,0	4,84	9,16
1144,0	4,86	9,16
1145,0	4,85	9,19
1146,0	4,86	9,16
1147,0	4,86	9,16
1148,0	4,85	9,18
1149,0	4,85	9,16
1150,0	4,86	9,18
1151,0	4,85	9,18
1152,0	4,84	9,19
1153,0	4,84	9,19
1154,0	4,85	9,19
1155,0	4,86	9,19
1156,0	4,84	9,19
1157,0	4,85	9,21
1158,0	4,84	9,19
1159,0	4,84	9,19
1160,0	4,82	9,19
1161,0	4,84	9,23
1162,0	4,84	9,21
1163,0	4,85	9,24
1164,0	4,84	9,21
1165,0	4,87	9,21
1166,0	4,84	9,23
1167,0	4,84	9,23
1168,0	4,84	9,23
1169,0	4,84	9,23
1170,0	4,88	9,23
1171,0	4,84	9,23
1172,0	4,84	9,24
1173,0	4,84	9,24
1174,0	4,85	9,24
1175,0	4,87	9,24
1176,0	4,85	9,24
1177,0	4,84	9,26
1178,0	4,85	9,26
1179,0	4,85	9,24
1180,0	4,83	9,26
1181,0	4,85	9,27
1182,0	4,86	9,27
1183,0	4,86	9,27
1184,0	4,85	9,27
1185,0	4,88	9,27
1186,0	4,87	9,27
1187,0	4,85	9,28
1188,0	4,86	9,27
1189,0	4,86	9,28
1190,0	4,86	9,28
1191,0	4,85	9,30
1192,0	4,85	9,30
1193,0	4,86	9,28
1194,0	4,86	9,30
1195,0	4,88	9,30
1196,0	4,86	9,31
1197,0	4,87	9,31
1198,0	4,87	9,30
1199,0	4,87	9,30
1200,0	4,85	9,31
1201,0	4,86	9,31
1202,0	4,85	9,31
1203,0	4,86	9,31
1204,0	4,87	9,31
1205,0	4,88	9,31
1206,0	4,88	9,33
1207,0	4,87	9,33
1208,0	4,88	9,33
1209,0	4,88	9,33
1210,0	4,89	9,35
1211,0	4,88	9,35
1212,0	4,91	9,35
1213,0	4,89	9,35
1214,0	4,89	9,35
1215,0	4,89	9,36
1216,0	4,90	9,35
1217,0	4,89	9,36
1218,0	4,91	9,36
1219,0	4,90	9,35
1220,0	4,93	9,38
1221,0	4,91	9,38
1222,0	4,92	9,38
1223,0	4,91	9,38
1224,0	4,92	9,38
1225,0	4,94	9,38
1226,0	4,92	9,38
1227,0	4,94	9,38
1228,0	4,93	9,38
1229,0	4,94	9,38
1230,0	4,93	9,39
1231,0	4,94	9,39
1232,0	4,96	9,39
1233,0	4,94	9,39
1234,0	4,94	9,39
1235,0	4,98	9,39
1236,0	4,95	9,40
1237,0	4,97	9,40
1238,0	4,96	9,40
1239,0	4,96	9,40
1240,0	4,95	9,42
1241,0	4,97	9,42
1242,0	4,99	9,42
1243,0	4,98	9,42
1244,0	4,98	9,42
1245,0	5,00	9,42
1246,0	4,98	9,44
1247,0	5,02	9,44
1248,0	5,00	9,44
1249,0	5,00	9,44
1250,0	5,00	9,44
1251,0	5,01	9,45
1252,0	5,03	9,44
1253,0	5,01	9,45
1254,0	5,02	9,45
1255,0	5,01	9,45
1256,0	5,02	9,45
1257,0	5,05	9,45
1258,0	5,03	9,45
1259,0	5,04	9,45
1260,0	5,06	9,47
1261,0	5,04	9,47
1262,0	5,03	9,47
1263,0	5,05	9,47
1264,0	5,05	9,47
1265,0	5,07	9,48
1266,0	5,06	9,48
1267,0	5,09	9,47
1268,0	5,07	9,48
1269,0	5,08	9,48
1270,0	5,09	9,49
1271,0	5,08	9,49
1272,0	5,08	9,52
1273,0	5,09	9,49
1274,0	5,09	9,49
1275,0	5,09	9,49
1276,0	5,10	9,51
1277,0	5,10	9,51
1278,0	5,11	9,51
1279,0	5,12	9,51
1280,0	5,13	9,51
1281,0	5,13	9,51
1282,0	5,15	9,51
1283,0	5,14	9,51
1284,0	5,14	9,51
1285,0	5,14	9,52
1286,0	5,15	9,52
1287,0	5,15	9,52
1288,0	5,16	9,52
1289,0	5,17	9,52
1290,0	5,18	9,52
1291,0	5,17	9,54
1292,0	5,17	9,52
1293,0	5,18	9,54
1294,0	5,19	9,54
1295,0	5,19	9,54
1296,0	5,20	9,54
1297,0	5,19	9,56
1298,0	5,21	9,56
1299,0	5,21	9,54
1300,0	5,22	9,56
1301,0	5,22	9,56
1302,0	5,23	9,57
1303,0	5,24	9,57
1304,0	5,23	9,56
1305,0	5,25	9,57
1306,0	5,25	9,57
1307,0	5,24	9,57
1308,0	5,27	9,57
1309,0	5,27	9,57
1310,0	5,26	9,57
1311,0	5,28	9,59
1312,0	5,27	9,59
1313,0	5,29	9,59
1314,0	5,29	9,59
1315,0	5,29	9,59
1316,0	5,30	9,60
1317,0	5,28	9,59
1318,0	5,32	9,59
1319,0	5,32	9,59
1320,0	5,33	9,60
1321,0	5,33	9,60
1322,0	5,34	9,60
1323,0	5,34	9,60
1324,0	5,34	9,61
1325,0	5,34	9,61
1326,0	5,36	9,61
1327,0	5,39	9,61
1328,0	5,37	9,61
1329,0	5,37	9,61
1330,0	5,37	9,63
1331,0	5,39	9,63
1332,0	5,40	9,63
1333,0	5,40	9,61
1334,0	5,41	9,61
1335,0	5,41	9,63
1336,0	5,42	9,65
1337,0	5,44	9,63
1338,0	5,43	9,65
1339,0	5,45	9,65
1340,0	5,43	9,65
1341,0	5,44	9,65
1342,0	5,43	9,63
1343,0	5,46	9,65
1344,0	5,47	9,65
1345,0	5,46	9,65
1346,0	5,48	9,65
1347,0	5,46	9,66
1348,0	5,49	9,66
1349,0	5,50	9,66
1350,0	5,50	9,66
1351,0	5,50	9,66
1352,0	5,53	9,66
1353,0	5,51	9,66
1354,0	5,54	9,66
1355,0	5,53	9,66
1356,0	5,54	9,68
1357,0	5,55	9,68
1358,0	5,55	9,68
1359,0	5,56	9,68
1360,0	5,56	9,68
1361,0	5,57	9,68
1362,0	5,59	9,69
1363,0	5,58	9,68
1364,0	5,61	9,69
1365,0	5,60	9,69
1366,0	5,61	9,69
1367,0	5,60	9,69
1368,0	5,62	9,69
1369,0	5,61	9,70
1370,0	5,63	9,70
1371,0	5,63	9,70
1372,0	5,67	9,70
1373,0	5,65	9,70
1374,0	5,64	9,70
1375,0	5,67	9,70
1376,0	5,67	9,70
1377,0	5,68	9,70
1378,0	5,68	9,70
1379,0	5,71	9,70
1380,0	5,70	9,72
1381,0	5,70	9,72
1382,0	5,72	9,72
1383,0	5,71	9,72
1384,0	5,71	9,72
1385,0	5,73	9,73
1386,0	5,74	9,73
1387,0	5,73	9,73
1388,0	5,75	9,73
1389,0	5,74	9,73
1390,0	5,76	9,73
1391,0	5,77	9,73
1392,0	5,77	9,73
1393,0	5,79	9,73
1394,0	5,80	9,75
1395,0	5,80	9,75
1396,0	5,82	9,75
1397,0	5,81	9,75
1398,0	5,82	9,75
1399,0	5,80	9,77
1400,0	5,82	9,75
1401,0	5,84	9,77
1402,0	5,85	9,77
1403,0	5,85	9,75
1404,0	5,88	9,77
1405,0	5,87	9,78
1406,0	5,87	9,77
1407,0	5,89	9,78
1408,0	5,88	9,77
1409,0	5,87	9,78
1410,0	5,90	9,78
1411,0	5,92	9,78
1412,0	5,92	9,78
1413,0	5,93	9,78
1414,0	5,92	9,78
1415,0	5,93	9,80
1416,0	5,95	9,80
1417,0	5,95	9,82
1418,0	5,96	9,80
1419,0	5,97	9,78
1420,0	5,97	9,80
1421,0	5,99	9,81
1422,0	5,99	9,80
1423,0	6,00	9,80
1424,0	6,02	9,80
1425,0	6,01	9,81
1426,0	6,00	9,81
1427,0	6,02	9,81
1428,0	6,03	9,81
1429,0	6,03	9,81
1430,0	6,04	9,81
1431,0	6,06	9,81
1432,0	6,07	9,82
1433,0	6,07	9,82
1434,0	6,06	9,82
1435,0	6,09	9,82
1436,0	6,09	9,82
1437,0	6,11	9,82
1438,0	6,11	9,82
1439,0	6,13	9,84
1440,0	6,12	9,84
1441,0	6,12	9,82
1442,0	6,15	9,84
1443,0	6,14	9,84
1444,0	6,17	9,84
1445,0	6,16	9,84
1446,0	6,16	9,85
1447,0	6,18	9,85
1448,0	6,18	9,82
1449,0	6,23	9,85
1450,0	6,20	9,85
1451,0	6,20	9,87
1452,0	6,22	9,85
1453,0	6,22	9,87
1454,0	6,21	9,85
1455,0	6,24	9,85
1456,0	6,26	9,85
1457,0	6,26	9,87
1458,0	6,26	9,85
1459,0	6,25	9,87
1460,0	6,28	9,87
1461,0	6,27	9,87
1462,0	6,30	9,87
1463,0	6,30	9,87
1464,0	6,33	9,89
1465,0	6,33	9,89
1466,0	6,34	9,89
1467,0	6,33	9,89
1468,0	6,34	9,89
1469,0	6,35	9,89
1470,0	6,35	9,89
1471,0	6,36	9,90
1472,0	6,37	9,90
1473,0	6,38	9,89
1474,0	6,41	9,90
1475,0	6,39	9,90
1476,0	6,41	9,91
1477,0	6,41	9,90
1478,0	6,42	9,89
1479,0	6,40	9,89
1480,0	6,43	9,91
1481,0	6,42	9,91
1482,0	6,45	9,90
1483,0	6,46	9,90
1484,0	6,48	9,90
1485,0	6,48	9,91
1486,0	6,48	9,90
1487,0	6,49	9,93
1488,0	6,50	9,90
1489,0	6,49	9,91
1490,0	6,51	9,93
1491,0	6,52	9,91
1492,0	6,53	9,93
1493,0	6,54	9,93
1494,0	6,55	9,93
1495,0	6,55	9,93
1496,0	6,57	9,94
1497,0	6,57	9,93
1498,0	6,57	9,93
1499,0	6,60	9,93
1500,0	6,59	9,94
1501,0	6,59	9,94
1502,0	6,58	9,94
1503,0	6,59	9,94
1504,0	6,60	9,94
1505,0	6,60	9,94
1506,0	6,60	9,94
1507,0	6,61	9,94
1508,0	6,61	9,94
1509,0	6,60	9,96
1510,0	6,62	9,96
1511,0	6,63	9,96
1512,0	6,63	9,96
1513,0	6,63	9,96
1514,0	6,65	9,94
1515,0	6,64	9,96
1516,0	6,66	9,96
1517,0	6,65	9,96
1518,0	6,66	9,96
1519,0	6,66	9,98
1520,0	6,67	9,98
1521,0	6,66	9,99
1522,0	6,68	9,98
1523,0	6,69	9,98
1524,0	6,69	9,98
1525,0	6,70	9,99
1526,0	6,69	9,99
1527,0	6,71	9,98
1528,0	6,72	9,99
1529,0	6,72	9,99
1530,0	6,73	9,99
1531,0	6,73	9,99
1532,0	6,75	9,99
1533,0	6,75	10,01
1534,0	6,74	9,99
1535,0	6,76	10,01
1536,0	6,75	9,99
1537,0	6,77	9,99
1538,0	6,77	9,99
1539,0	6,77	10,01
1540,0	6,79	10,02
1541,0	6,81	9,99
1542,0	6,80	10,01
1543,0	6,81	10,01
1544,0	6,80	10,01
1545,0	6,82	10,02
1546,0	6,83	10,01
1547,0	6,83	10,02
1548,0	6,83	10,02
1549,0	6,83	10,02
1550,0	6,84	10,03
1551,0	6,88	10,03
1552,0	6,85	10,02
1553,0	6,86	10,02
1554,0	6,86	10,03
1555,0	6,87	10,03
1556,0	6,86	10,03
1557,0	6,88	10,02
1558,0	6,88	10,02
1559,0	6,89	10,03
1560,0	6,89	10,03
1561,0	6,92	10,03
1562,0	6,90	10,03
1563,0	6,91	10,03
1564,0	6,91	10,03
1565,0	6,92	10,05
1566,0	6,94	10,05
1567,0	6,93	10,05
1568,0	6,93	10,03
1569,0	6,93	10,05
1570,0	6,94	10,06
1571,0	6,96	10,06
1572,0	6,95	10,05
1573,0	6,95	10,05
1574,0	6,96	10,05
1575,0	6,96	10,06
1576,0	6,97	10,06
1577,0	6,97	10,05
1578,0	6,98	10,06
1579,0	6,99	10,06
1580,0	6,99	10,08
1581,0	6,97	10,06
1582,0	7,00	10,08
1583,0	7,01	10,06
1584,0	7,00	10,06
1585,0	7,01	10,06
1586,0	7,03	10,08
1587,0	7,02	10,06
1588,0	7,02	10,08
1589,0	7,03	10,08
1590,0	7,03	10,08
1591,0	7,03	10,08
1592,0	7,05	10,06
1593,0	7,05	10,08
1594,0	7,05	10,10
1595,0	7,06	10,11
1596,0	7,07	10,10
1597,0	7,07	10,10
1598,0	7,06	10,08
1599,0	7,07	10,10
1600,0	7,08	10,10
1601,0	7,06	10,10
1602,0	7,08	10,10
1603,0	7,11	10,08
1604,0	7,09	10,10
1605,0	7,09	10,11
1606,0	7,11	10,11
1607,0	7,10	10,11
1608,0	7,12	10,10
1609,0	7,11	10,11
1610,0	7,12	10,13
1611,0	7,12	10,11
1612,0	7,12	10,11
1613,0	7,14	10,11
1614,0	7,13	10,11
1615,0	7,13	10,13
1616,0	7,16	10,13
1617,0	7,14	10,13
1618,0	7,15	10,13
1619,0	7,16	10,13
1620,0	7,15	10,13
1621,0	7,17	10,14
1622,0	7,16	10,13
1623,0	7,16	10,13
1624,0	7,17	10,13
1625,0	7,18	10,14
1626,0	7,18	10,14
1627,0	7,18	10,13
1628,0	7,20	10,13
1629,0	7,20	10,14
1630,0	7,20	10,14
1631,0	7,18	10,14
1632,0	7,21	10,14
1633,0	7,21	10,14
1634,0	7,22	10,15
1635,0	7,22	10,15
1636,0	7,22	10,15
1637,0	7,23	10,14
1638,0	7,22	10,15
1639,0	7,24	10,15
1640,0	7,24	10,17
1641,0	7,26	10,15
1642,0	7,25	10,15
1643,0	7,25	10,15
1644,0	7,25	10,17
1645,0	7,26	10,17
1646,0	7,25	10,15
1647,0	7,27	10,15
1648,0	7,28	10,15
1649,0	7,28	10,17
1650,0	7,28	10,17
1651,0	7,28	10,17
1652,0	7,29	10,17
1653,0	7,28	10,17
1654,0	7,30	10,17
1655,0	7,30	10,17
1656,0	7,30	10,17
1657,0	7,31	10,17
1658,0	7,31	10,17
1659,0	7,32	10,19
1660,0	7,32	10,19
1661,0	7,33	10,19
1662,0	7,33	10,19
1663,0	7,35	10,19
1664,0	7,33	10,19
1665,0	7,34	10,20
1666,0	7,35	10,19
1667,0	7,34	10,19
1668,0	7,36	10,19
1669,0	7,35	10,20
1670,0	7,35	10,20
1671,0	7,34	10,19
1672,0	7,36	10,20
1673,0	7,38	10,19
1674,0	7,36	10,20
1675,0	7,37	10,20
1676,0	7,40	10,20
1677,0	7,38	10,20
1678,0	7,38	10,20
1679,0	7,39	10,20
1680,0	7,40	10,20
1681,0	7,38	10,22
1682,0	7,40	10,22
1683,0	7,38	10,22
1684,0	7,41	10,22
1685,0	7,41	10,22
1686,0	7,42	10,22
1687,0	7,41	10,22
1688,0	7,40	10,22
1689,0	7,42	10,22
1690,0	7,42	10,22
1691,0	7,43	10,23
1692,0	7,43	10,23
1693,0	7,44	10,22
1694,0	7,45	10,22
1695,0	7,45	10,23
1696,0	7,46	10,23
1697,0	7,46	10,23
1698,0	7,47	10,23
1699,0	7,46	10,23
1700,0	7,47	10,23
1701,0	7,45	10,23
1702,0	7,48	10,23
1703,0	7,48	10,23
1704,0	7,48	10,23
1705,0	7,49	10,24
1706,0	7,47	10,24
1707,0	7,49	10,23
1708,0	7,51	10,24
1709,0	7,50	10,24
1710,0	7,52	10,24
1711,0	7,50	10,24
1712,0	7,52	10,24
1713,0	7,54	10,24
1714,0	7,52	10,24
1715,0	7,52	10,26
1716,0	7,53	10,24
1717,0	7,53	10,24
1718,0	7,54	10,24
1719,0	7,54	10,26
1720,0	7,53	10,26
1721,0	7,54	10,27
1722,0	7,55	10,26
1723,0	7,53	10,26
1724,0	7,55	10,26
1725,0	7,55	10,26
1726,0	7,55	10,27
1727,0	7,56	10,27
1728,0	7,56	10,26
1729,0	7,56	10,27
1730,0	7,57	10,27
1731,0	7,58	10,26
1732,0	7,58	10,27
1733,0	7,59	10,27
1734,0	7,58	10,27
1735,0	7,58	10,29
1736,0	7,60	10,27
1737,0	7,60	10,27
1738,0	7,58	10,29
1739,0	7,60	10,27
1740,0	7,61	10,27
1741,0	7,60	10,27
1742,0	7,61	10,29
1743,0	7,60	10,27
1744,0	7,63	10,29
1745,0	7,63	10,31
1746,0	7,61	10,29
1747,0	7,63	10,29
1748,0	7,61	10,29
1749,0	7,63	10,29
1750,0	7,63	10,29
1751,0	7,65	10,29
1752,0	7,65	10,29
1753,0	7,63	10,29
1754,0	7,65	10,31
1755,0	7,65	10,29
1756,0	7,67	10,31
1757,0	7,66	10,31
1758,0	7,66	10,31
1759,0	7,66	10,31
1760,0	7,66	10,31
1761,0	7,68	10,31
1762,0	7,67	10,31
1763,0	7,67	10,31
1764,0	7,68	10,31
1765,0	7,69	10,32
1766,0	7,69	10,31
1767,0	7,69	10,31
1768,0	7,68	10,32
1769,0	7,68	10,32
1770,0	7,69	10,32
1771,0	7,70	10,32
1772,0	7,70	10,31
1773,0	7,74	10,32
1774,0	7,71	10,32
1775,0	7,71	10,34
1776,0	7,72	10,32
1777,0	7,71	10,34
1778,0	7,73	10,32
1779,0	7,72	10,34
1780,0	7,73	10,32
1781,0	7,73	10,34
1782,0	7,73	10,32
1783,0	7,75	10,32
1784,0	7,72	10,34
1785,0	7,74	10,34
1786,0	7,75	10,34
1787,0	7,74	10,34
1788,0	7,74	10,34
1789,0	7,75	10,34
1790,0	7,75	10,34
1791,0	7,74	10,35
1792,0	7,76	10,34
1793,0	7,78	10,34
1794,0	7,77	10,34
1795,0	7,77	10,35
1796,0	7,78	10,36
1797,0	7,77	10,34
1798,0	7,77	10,35
1799,0	7,78	10,35
1800,0	7,77	10,35
1801,0	7,77	10,35
1802,0	7,78	10,35
1803,0	7,77	10,35
1804,0	7,78	10,35
1805,0	7,80	10,35
1806,0	7,79	10,35
1807,0	7,79	10,35
1808,0	7,80	10,35
1809,0	7,79	10,36
1810,0	7,80	10,36
1811,0	7,79	10,36
1812,0	7,81	10,36
1813,0	7,77	10,36
1814,0	7,80	10,36
1815,0	7,81	10,36
1816,0	7,82	10,36
1817,0	7,81	10,36
1818,0	7,84	10,36
1819,0	7,82	10,36
1820,0	7,83	10,38
1821,0	7,81	10,40
1822,0	7,82	10,36
1823,0	7,82	10,36
1824,0	7,83	10,38
1825,0	7,82	10,38
1826,0	7,84	10,38
1827,0	7,83	10,36
1828,0	7,82	10,38
1829,0	7,83	10,38
1830,0	7,85	10,38
1831,0	7,84	10,40
1832,0	7,84	10,38
1833,0	7,83	10,40
1834,0	7,85	10,40
1835,0	7,86	10,40
1836,0	7,84	10,40
1837,0	7,85	10,40
1838,0	7,88	10,40
1839,0	7,85	10,40
1840,0	7,87	10,40
1841,0	7,86	10,40
1842,0	7,86	10,40
1843,0	7,86	10,40
1844,0	7,86	10,40
1845,0	7,86	10,41
1846,0	7,87	10,41
1847,0	7,87	10,40
1848,0	7,86	10,41
1849,0	7,87	10,41
1850,0	7,88	10,41
1851,0	7,88	10,41
1852,0	7,88	10,40
1853,0	7,87	10,41
1854,0	7,88	10,41
1855,0	7,87	10,41
1856,0	7,88	10,43
1857,0	7,89	10,40
1858,0	7,91	10,41
1859,0	7,88	10,43
1860,0	7,89	10,41
1861,0	7,90	10,41
1862,0	7,89	10,41
1863,0	7,88	10,41
1864,0	7,90	10,41
1865,0	7,89	10,43
1866,0	7,90	10,43
1867,0	7,90	10,41
1868,0	7,89	10,43
1869,0	7,91	10,44
1870,0	7,90	10,43
1871,0	7,90	10,44
1872,0	7,91	10,43
1873,0	7,93	10,43
