Analog in 2	Analog in 1
U2/V	U1/V

0,52	1,07
0,54	1,11
0,57	1,13
0,58	1,18
0,62	1,20
0,63	1,24
0,64	1,27
0,66	1,27
0,68	1,31
0,69	1,33
0,70	1,34
0,72	1,36
0,74	1,37
0,75	1,41
0,78	1,44
0,80	1,46
0,81	1,50
0,82	1,51
0,84	1,53
0,86	1,52
0,87	1,56
0,88	1,59
0,90	1,60
0,92	1,64
0,93	1,65
0,96	1,69
0,98	1,69
0,99	1,73
1,00	1,75
1,02	1,77
1,05	1,81
1,07	1,85
1,08	1,86
1,10	1,88
1,11	1,90
1,13	1,93
1,14	1,96
1,15	1,97
1,17	2,00
1,18	2,01
1,20	2,02
1,22	2,04
1,23	2,07
1,25	2,09
1,27	2,14
1,29	2,17
1,30	2,18
1,32	2,20
1,34	2,21
1,35	2,23
1,37	2,25
1,38	2,27
1,39	2,29
1,41	2,29
1,42	2,31
1,46	2,33
1,47	2,34
1,49	2,36
1,50	2,35
1,51	2,37
1,53	2,39
1,54	2,38
1,56	2,38
1,58	2,39
1,59	2,39
1,61	2,40
1,62	2,40
1,63	2,40
1,65	2,40
1,66	2,40
1,68	2,40
1,71	2,40
1,73	2,38
1,74	2,39
1,75	2,39
1,77	2,37
1,78	2,37
1,80	2,37
1,82	2,36
1,83	2,36
1,86	2,35
1,88	2,34
1,90	2,33
1,92	2,32
1,93	2,31
1,95	2,31
1,98	2,31
2,00	2,30
2,01	2,29
2,03	2,28
2,04	2,28
2,06	2,28
2,07	2,27
2,09	2,29
2,10	2,27
2,12	2,29
2,13	2,27
2,14	2,26
2,17	2,28
2,19	2,28
2,20	2,28
2,22	2,28
2,23	2,28
2,25	2,28
2,27	2,29
2,28	2,30
2,30	2,30
2,31	2,30
2,33	2,34
2,34	2,32
2,36	2,33
2,37	2,32
2,38	2,34
2,40	2,36
2,41	2,37
2,43	2,38
2,44	2,39
2,46	2,41
2,47	2,41
2,49	2,43
2,51	2,45
2,52	2,47
2,54	2,50
2,55	2,49
2,57	2,52
2,58	2,54
2,60	2,55
2,63	2,58
2,64	2,62
2,65	2,64
2,67	2,66
2,70	2,71
2,71	2,72
2,73	2,75
2,74	2,79
2,76	2,83
2,78	2,83
2,79	2,85
2,81	2,87
2,82	2,90
2,84	2,93
2,85	2,97
2,87	3,00
2,88	3,03
2,89	3,07
2,91	3,13
2,92	3,14
2,94	3,17
2,95	3,21
2,97	3,24
2,98	3,29
3,00	3,32
3,02	3,37
3,03	3,39
3,05	3,46
3,06	3,48
3,08	3,53
3,09	3,58
3,11	3,65
3,12	3,69
3,15	3,74
3,16	3,79
3,18	3,85
3,19	3,89
3,21	3,98
3,22	4,00
3,24	4,02
3,26	4,10
3,27	4,16
3,29	4,21
3,30	4,27
3,32	4,30
3,33	4,37
3,35	4,41
3,36	4,46
3,38	4,49
3,39	4,58
3,40	4,62
3,42	4,67
3,43	4,70
3,45	4,74
3,46	4,79
3,48	4,83
3,49	4,87
3,51	4,90
3,54	4,94
3,56	4,99
3,57	5,00
3,59	5,02
3,60	5,03
3,62	5,05
3,63	6,02
3,66	5,04
3,67	5,04
3,69	5,04
3,70	5,02
3,73	5,00
3,75	4,98
3,77	4,96
3,78	4,95
3,80	4,92
3,81	4,89
3,83	4,85
3,86	4,81
3,87	4,77
3,88	4,74
3,90	4,73
3,91	4,68
3,93	4,63
3,94	4,62
3,96	4,58
3,97	4,56
3,99	4,52
4,01	4,50
4,02	4,48
4,03	4,45
4,05	4,42
4,07	4,40
4,08	4,39
4,09	4,38
4,11	4,35
4,13	4,34
4,14	4,33
4,16	5,43
4,17	4,31
4,18	4,30
4,20	4,29
4,22	4,28
4,23	4,29
4,24	4,29
4,26	4,29
4,28	4,29
4,29	4,30
4,30	4,31
4,32	4,31
4,34	4,33
4,35	4,34
4,36	4,35
4,38	4,37
4,39	4,39
4,41	4,41
4,43	4,42
4,44	4,45
4,45	4,46
4,47	4,49
4,49	4,52
4,50	4,53
4,51	4,58
4,53	4,60
4,55	4,63
4,56	4,66
4,57	4,70
4,59	4,74
4,61	4,80
4,62	4,85
4,64	4,89
4,65	4,97
4,68	5,05
4,70	5,12
4,71	5,16
4,72	5,21
4,74	5,24
4,76	5,32
4,77	6,30
4,78	5,45
4,80	5,52
4,82	5,52
4,83	5,59
4,84	5,67
4,86	5,72
4,88	5,77
4,89	5,86
4,91	5,92
4,92	5,97
4,93	6,04
4,95	6,10
4,97	6,17
4,98	6,25
4,99	6,35
5,01	6,41
5,03	6,49
5,04	6,57
5,05	6,65
5,07	6,67
5,09	6,78
5,10	6,84
5,11	6,94
5,13	7,05
5,14	7,16
5,16	7,23
5,18	7,33
5,19	7,43
5,20	7,53
5,22	7,61
5,24	7,71
5,25	7,82
5,26	7,89
5,28	7,98
5,30	8,08
5,31	8,18
5,32	8,23
5,34	8,33
5,36	8,45
5,37	8,55
5,39	8,59
5,40	8,67
5,41	8,78
5,43	8,90
5,45	9,02
5,46	9,08
5,47	9,17
5,49	9,28
5,51	9,48
5,52	9,47
5,53	9,58
5,55	9,60
5,57	9,70
5,58	9,76
5,59	9,83
5,61	9,91
5,63	9,97
5,64	10,00
5,66	10,03
5,67	10,06
5,68	10,09
5,70	10,11
5,72	10,11
5,73	10,11
5,74	10,09
5,76	10,06
5,78	10,02
5,79	10,00
5,80	9,91
5,82	9,89
5,84	9,79
5,85	9,69
5,86	9,62
5,88	9,55
5,89	9,43
5,91	9,37
5,93	9,28
5,94	9,19
5,95	9,09
5,97	8,99
5,99	8,90
6,00	8,79
6,01	8,65
6,03	8,57
6,05	8,50
6,06	8,42
6,07	8,36
6,09	8,27
6,11	8,22
6,12	8,16
6,14	8,12
6,15	8,08
6,16	8,04
6,18	8,00
6,20	7,95
6,21	7,90
6,22	7,86
6,24	7,82
6,26	7,80
6,27	7,78
6,28	7,75
6,30	7,73
6,32	7,72
6,33	7,71
6,34	7,98
6,36	7,70
6,38	7,71
6,39	7,72
6,41	7,72
6,42	7,74
6,43	7,76
6,45	7,78
6,47	7,81
6,48	7,83
6,49	7,86
6,51	7,89
6,53	7,92
6,54	7,97
6,55	8,02
6,57	8,06
6,59	8,11
6,60	8,16
6,61	8,22
6,63	8,25
6,64	8,32
6,66	8,38
6,68	8,45
6,69	8,50
6,70	8,58
6,72	8,65
6,74	8,73
6,75	8,79
6,76	8,89
6,78	8,97
6,80	9,04
6,81	9,14
6,82	9,24
6,84	9,28
6,86	9,39
6,87	9,50
6,89	9,59
6,90	9,68
6,91	9,76
6,93	9,85
6,95	9,96
6,96	10,05
6,97	9,96
6,99	9,92
7,01	9,92
7,02	9,92
