Analog in 2	Analog in 1
U2/V	U1/V

0,24	0,43
0,27	0,48
0,28	0,54
0,30	0,58
0,31	0,63
0,33	0,67
0,36	0,74
0,39	0,77
0,42	0,82
0,44	0,90
0,48	0,95
0,51	1,01
0,52	0,19
0,56	0,18
0,57	0,48
0,58	0,19
0,60	0,20
0,63	0,43
0,66	0,20
0,68	0,21
0,69	0,71
0,70	0,21
0,74	0,21
0,75	0,23
0,76	0,24
0,78	0,76
0,80	0,23
0,81	0,24
0,82	0,23
0,84	0,24
0,86	0,61
0,87	0,25
0,88	0,25
0,90	0,25
0,92	0,25
0,93	0,27
0,94	0,27
0,96	0,84
0,98	0,26
0,99	0,27
1,00	0,27
1,02	0,28
1,03	0,28
1,07	0,69
1,08	0,29
1,11	0,29
1,13	0,30
1,14	0,29
1,15	0,30
1,17	0,30
1,18	0,30
1,20	1,57
1,22	0,31
1,23	0,31
1,25	0,32
1,26	0,33
1,27	0,33
1,30	0,34
1,32	0,34
1,35	0,77
1,37	0,34
1,38	0,36
1,39	0,35
1,41	0,35
1,42	0,35
1,44	0,35
1,46	0,35
1,47	0,35
1,49	0,36
1,50	0,35
1,51	0,35
1,53	1,03
1,54	0,35
1,56	0,35
1,58	0,36
1,61	0,35
1,62	0,35
1,63	0,35
1,65	0,35
1,66	0,36
1,68	0,37
1,70	0,35
1,71	0,35
1,73	0,34
1,74	1,06
1,75	0,35
1,77	0,35
1,78	0,34
1,80	0,33
1,82	0,34
1,83	0,35
1,85	0,33
1,86	0,34
1,88	0,34
1,89	0,34
1,90	0,34
1,93	0,33
1,95	0,34
1,97	1,08
1,98	0,33
2,00	0,33
2,01	0,33
2,03	0,33
2,04	0,33
2,06	0,34
2,07	0,33
2,09	0,34
2,12	0,33
2,13	0,34
2,14	0,32
2,16	0,32
2,17	0,33
2,19	0,33
2,20	0,33
2,22	0,34
2,23	0,85
2,27	0,35
2,28	0,36
2,30	0,34
2,31	0,35
2,34	0,35
2,36	0,33
2,38	0,35
2,40	0,35
2,41	0,35
2,43	0,35
2,46	0,36
2,47	0,36
2,49	0,37
2,51	0,37
2,52	0,36
2,54	0,36
2,55	0,68
2,58	0,38
2,60	0,38
2,61	0,40
2,63	0,38
2,64	0,39
2,65	0,40
2,67	0,39
2,68	0,40
2,70	0,41
2,71	0,41
2,73	0,40
2,74	0,43
2,76	0,42
2,78	0,43
2,79	0,44
2,81	0,44
2,82	0,44
2,84	0,44
2,85	0,45
2,87	0,46
2,88	0,44
2,89	0,47
2,91	1,22
2,92	0,48
2,94	0,48
2,95	0,48
2,97	0,49
2,98	0,50
3,00	0,51
3,02	0,51
3,03	0,51
3,05	0,51
3,06	0,52
3,08	0,53
3,09	0,54
3,12	0,55
3,15	0,55
3,16	0,57
3,18	0,57
3,19	0,58
3,21	0,58
3,22	0,60
3,24	0,61
3,26	0,60
3,27	0,61
3,29	0,62
3,30	0,64
3,32	0,63
3,33	0,64
3,35	1,10
3,36	0,66
3,38	0,67
3,39	0,68
3,40	0,67
3,42	0,68
3,43	0,69
3,45	0,69
3,46	0,69
3,48	0,70
3,49	0,70
3,51	0,71
3,53	0,71
3,54	0,72
3,56	0,72
3,57	0,72
3,59	0,72
3,60	0,72
3,62	0,71
3,63	0,72
3,64	0,72
3,66	0,71
3,67	0,71
3,69	0,70
3,70	0,70
3,72	0,69
3,73	0,69
3,75	0,69
3,77	0,69
3,78	0,68
3,80	0,69
3,81	0,67
3,83	1,12
3,84	0,66
3,86	0,66
3,87	0,65
3,88	0,66
3,90	0,65
3,91	0,64
3,93	0,63
3,94	0,62
3,96	0,63
3,97	0,62
3,99	0,63
4,01	0,63
4,02	0,62
4,03	0,62
4,05	0,61
4,07	0,61
4,08	0,62
4,09	0,61
4,11	0,61
4,13	0,61
4,14	0,60
4,16	0,61
4,17	0,59
4,18	0,60
4,20	0,60
4,22	0,61
4,23	0,61
4,24	0,61
4,26	0,61
4,28	0,62
4,29	0,61
4,30	0,61
4,32	0,62
4,34	0,62
4,35	0,63
4,36	0,63
4,38	0,99
4,39	0,63
4,41	0,64
4,43	0,64
4,44	0,64
4,45	0,64
4,47	0,66
4,49	0,65
4,50	0,65
4,51	0,65
4,53	0,67
4,55	0,67
4,56	0,68
4,57	0,68
4,59	0,68
4,61	0,69
4,62	0,68
4,64	0,70
4,65	0,71
4,66	0,72
4,68	0,73
4,70	0,74
4,71	0,73
4,72	0,75
4,74	0,75
4,76	0,75
4,77	0,77
4,78	0,77
4,80	0,79
4,82	0,79
4,83	0,81
4,84	0,81
4,86	0,83
4,88	0,83
4,89	0,84
4,91	0,84
4,92	0,85
4,93	0,86
4,95	0,87
4,97	0,88
4,98	0,89
4,99	0,89
5,01	0,92
5,03	0,92
5,04	0,94
5,05	1,13
5,07	0,96
5,09	0,96
5,10	0,98
5,11	0,99
5,13	1,01
5,14	1,02
5,16	1,02
5,18	1,03
5,19	1,06
5,20	1,06
5,22	1,09
5,24	1,10
5,25	1,12
5,26	1,12
5,28	1,15
5,30	1,16
5,31	1,16
5,32	1,19
5,34	1,20
5,36	1,21
5,37	1,24
5,39	1,24
5,40	1,26
5,41	1,27
5,43	1,29
5,45	1,30
5,46	1,33
5,47	1,34
5,49	1,35
5,51	1,36
5,52	1,39
5,53	1,38
5,55	1,38
5,57	1,41
5,58	1,40
5,59	1,42
5,61	1,42
5,63	1,42
5,64	1,42
5,66	1,43
5,67	1,41
5,68	1,43
5,70	1,41
5,72	1,40
5,73	1,40
5,74	1,39
5,76	1,38
5,78	1,37
5,79	1,46
5,80	1,34
5,82	1,33
5,84	1,32
5,85	1,30
5,86	1,29
5,88	1,27
5,89	1,26
5,91	1,25
5,93	1,22
5,94	1,22
5,95	1,20
5,97	1,17
5,99	1,17
6,00	1,16
6,01	1,14
6,03	1,13
6,05	1,12
6,06	1,11
6,07	1,09
6,09	1,07
6,11	1,06
6,12	1,05
6,14	1,04
6,15	1,03
6,16	1,03
6,18	1,03
6,20	1,02
6,21	1,02
6,22	1,02
6,24	1,02
6,26	1,02
6,27	1,03
6,28	1,04
6,30	1,03
6,32	1,04
6,33	1,05
6,34	1,05
6,36	1,06
6,38	1,08
6,39	1,07
6,41	1,08
6,42	1,09
6,43	1,09
6,45	1,09
6,47	1,09
6,48	1,11
6,49	1,10
6,51	1,12
6,53	1,11
6,54	1,12
6,55	1,13
6,57	1,13
6,59	1,13
6,60	1,14
6,61	1,15
6,63	1,16
6,64	1,16
6,66	1,16
6,68	1,17
6,69	1,28
6,70	1,19
6,72	1,20
6,74	1,20
6,75	1,21
6,76	1,22
6,78	1,23
6,80	1,24
6,81	1,25
6,82	1,27
6,84	1,27
6,86	1,28
6,87	1,29
6,89	1,30
6,90	1,32
6,91	1,33
6,93	1,34
6,95	1,35
6,96	1,36
6,97	1,37
6,99	1,38
7,01	1,40
7,02	1,41
7,03	1,43
7,05	1,44
7,07	1,45
7,08	1,47
7,09	1,48
7,11	1,49
7,13	1,51
7,14	1,52
7,16	1,54
7,17	1,54
7,18	1,57
7,20	1,58
7,22	1,59
7,23	1,61
7,24	1,63
7,26	1,64
7,28	1,65
7,29	1,67
7,30	1,69
7,32	1,71
7,34	1,72
7,35	1,73
7,36	1,76
7,38	1,77
7,39	1,79
7,41	1,81
7,43	1,82
7,44	1,84
7,45	1,86
7,47	1,88
7,49	1,89
7,50	1,92
7,51	1,93
7,53	1,95
7,55	1,97
7,56	1,99
7,57	2,01
7,59	2,02
7,61	2,04
7,62	2,06
7,64	2,08
7,65	2,10
7,66	2,12
7,68	2,14
7,70	2,15
7,71	2,17
7,72	2,22
7,74	2,24
7,76	2,23
7,77	2,22
7,78	2,22
7,80	2,21
7,82	2,21
7,83	2,22
7,84	2,22
7,86	2,18
7,88	2,13
7,89	2,09
7,91	2,07
7,92	2,07
