Analog in 2	Analog in 1
U2/V	U1/V

0,54	0,75
0,56	0,77
0,57	0,80
0,58	0,84
0,62	0,87
0,63	0,90
0,64	0,91
0,66	0,90
0,68	0,95
0,69	0,97
0,70	0,98
0,72	1,01
0,74	1,03
0,75	1,05
0,76	1,05
0,78	1,07
0,80	1,09
0,82	1,13
0,84	1,13
0,86	1,17
0,87	1,18
0,88	1,20
0,90	1,24
0,93	1,25
0,94	1,26
0,96	1,30
0,98	1,28
0,99	1,29
1,00	1,31
1,02	1,33
1,03	1,34
1,05	1,36
1,07	1,36
1,08	1,39
1,10	1,41
1,13	1,43
1,14	1,45
1,15	1,45
1,17	1,45
1,18	1,47
1,20	1,49
1,22	1,51
1,23	1,51
1,25	1,53
1,26	1,55
1,27	1,54
1,29	1,56
1,30	1,58
1,34	1,62
1,35	1,62
1,38	1,65
1,39	1,67
1,41	1,68
1,42	1,68
1,44	1,70
1,46	1,72
1,47	1,71
1,49	1,74
1,50	1,74
1,51	1,76
1,53	1,77
1,54	1,78
1,56	1,79
1,58	1,81
1,59	1,80
1,61	1,82
1,62	1,82
1,63	1,83
1,65	1,85
1,66	1,83
1,68	1,86
1,70	1,87
1,73	1,88
1,74	1,88
1,75	1,88
1,78	1,89
1,80	1,89
1,82	1,89
1,83	1,89
1,85	1,90
1,86	1,90
1,88	1,90
1,89	1,90
1,90	1,91
1,92	1,89
1,93	1,90
1,95	1,88
1,97	1,89
1,98	1,90
2,00	1,91
2,01	1,89
2,03	1,89
2,04	1,86
2,06	1,87
2,07	1,88
2,09	1,90
2,12	1,88
2,13	1,86
2,14	1,87
2,16	1,87
2,17	1,87
2,19	1,86
2,20	1,86
2,22	1,87
2,23	1,86
2,25	1,85
2,27	1,86
2,28	1,85
2,30	1,85
2,33	1,85
2,36	1,84
2,37	1,85
2,38	1,84
2,40	1,86
2,41	1,85
2,43	1,84
2,44	1,84
2,46	1,85
2,47	1,85
2,49	1,85
2,51	1,87
2,52	1,85
2,54	1,86
2,55	1,86
2,57	1,87
2,58	1,88
2,61	1,89
2,63	1,90
2,64	1,91
2,65	1,91
2,67	1,92
2,68	1,93
2,70	1,94
2,71	1,96
2,73	1,97
2,74	1,96
2,78	1,99
2,79	2,00
2,81	2,01
2,82	2,02
2,85	2,05
2,87	2,06
2,88	2,08
2,89	2,10
2,91	2,11
2,92	2,13
2,94	2,14
2,95	2,16
2,97	2,19
2,98	2,21
3,00	2,22
3,02	2,24
3,03	2,26
3,05	2,28
3,06	2,29
3,08	2,33
3,09	2,34
3,11	2,38
3,12	2,41
3,13	2,42
3,15	2,44
3,16	2,47
3,18	2,49
3,19	2,51
3,21	2,57
3,22	2,57
3,24	2,59
3,26	2,63
3,27	2,66
3,29	2,69
3,30	2,71
3,32	2,75
3,33	2,78
3,35	2,80
3,36	2,83
3,38	2,87
3,39	2,91
3,40	2,94
3,42	2,97
3,43	2,99
3,45	3,02
3,46	3,03
3,48	3,07
3,49	3,13
3,51	3,14
3,53	3,17
3,54	3,20
3,56	3,23
3,57	3,26
3,59	3,28
3,60	3,30
3,62	3,33
3,63	3,35
3,64	3,36
3,66	3,39
3,67	3,41
3,69	3,41
3,70	3,43
3,72	3,45
3,73	3,46
3,75	3,45
3,77	3,46
3,78	3,47
3,80	3,48
3,81	3,48
3,83	3,49
3,84	3,48
3,86	3,48
3,87	3,47
3,88	3,47
3,90	3,46
3,91	3,45
3,93	3,44
3,94	3,44
3,96	3,42
3,97	3,42
3,99	3,41
4,01	3,40
4,02	3,37
4,03	3,35
4,05	3,33
4,07	3,33
4,08	3,30
4,09	3,30
4,11	3,30
4,13	3,27
4,14	3,26
4,16	3,24
4,17	3,23
4,18	3,22
4,20	3,21
4,22	3,19
4,23	3,18
4,24	3,17
4,26	3,16
4,28	3,15
4,29	3,14
4,30	3,13
4,32	3,12
4,34	3,12
4,35	3,12
4,36	3,13
4,38	3,11
4,39	3,11
4,41	3,10
4,43	3,10
4,44	3,08
4,45	3,10
4,47	3,10
4,49	3,11
4,50	3,12
4,51	3,12
4,53	3,13
4,55	3,14
4,56	3,15
4,57	3,16
4,59	3,16
4,61	3,17
4,62	3,18
4,64	3,21
4,65	3,23
4,66	3,23
4,68	3,26
4,70	3,27
4,71	3,29
4,72	3,32
4,74	3,33
4,76	3,35
4,77	3,39
4,78	3,40
4,80	3,43
4,82	3,48
4,83	3,50
4,84	3,55
4,86	3,54
4,88	3,59
4,89	3,64
4,91	3,66
4,92	3,71
4,93	3,76
4,95	3,76
4,97	3,81
4,98	3,86
4,99	3,89
5,01	3,94
5,03	3,99
5,04	4,01
5,05	4,08
5,07	4,13
5,09	4,17
5,10	4,23
5,11	4,27
5,13	4,31
5,14	4,37
5,16	4,43
5,18	4,47
5,19	4,56
5,20	4,58
5,22	4,64
5,24	4,69
5,25	4,75
5,26	4,82
5,28	4,88
5,30	4,95
5,31	4,97
5,32	5,05
5,34	5,12
5,36	5,19
5,37	5,25
5,39	5,29
5,40	5,39
5,41	5,45
5,43	5,49
5,45	5,56
5,46	5,63
5,47	5,73
5,49	5,78
5,51	5,84
5,52	5,90
5,53	5,97
5,55	6,05
5,57	6,10
5,58	6,17
5,59	6,22
5,61	6,28
5,63	6,31
5,64	6,35
5,66	6,41
5,67	6,44
5,68	6,49
5,70	6,50
5,72	6,53
5,73	6,56
5,74	6,58
5,76	6,61
5,78	6,62
5,79	6,62
5,80	6,63
5,82	6,62
5,84	6,61
5,85	6,60
5,86	6,59
5,88	6,57
5,89	6,54
5,91	6,51
5,93	6,48
5,94	6,45
5,95	6,41
5,97	6,35
5,99	6,33
6,00	6,27
6,01	6,23
6,03	6,18
6,05	6,13
6,06	6,09
6,07	6,04
6,09	5,97
6,11	5,93
6,12	5,85
6,14	5,78
6,15	5,70
6,16	5,67
6,18	5,61
6,20	5,53
6,21	5,50
6,22	5,46
6,24	5,43
6,26	5,39
6,27	5,34
6,28	5,33
6,30	5,31
6,32	5,28
6,33	5,27
6,34	5,24
6,36	5,25
6,38	5,23
6,39	5,23
6,41	5,23
6,42	5,22
6,43	5,23
6,45	5,23
6,47	5,23
6,48	5,24
6,49	5,26
6,51	5,27
6,53	5,25
6,54	5,20
6,55	5,17
6,57	5,14
6,59	5,14
6,60	5,16
6,61	5,18
6,63	5,22
6,64	5,29
6,66	5,34
6,68	5,38
6,69	5,43
6,70	5,50
6,72	5,57
6,74	5,64
6,75	5,71
6,76	5,74
6,78	5,83
6,80	5,89
6,81	5,94
6,82	6,01
6,84	6,09
6,86	6,16
6,87	6,24
6,89	6,28
6,90	6,34
6,91	6,43
6,93	6,52
6,95	6,59
6,96	6,65
6,97	6,73
6,99	6,80
7,01	6,88
7,02	6,96
7,03	7,05
7,05	7,13
7,07	7,21
7,08	7,30
7,09	7,37
7,11	7,48
7,13	7,55
7,14	7,65
7,16	7,74
7,17	7,85
7,18	7,95
7,20	8,06
7,22	8,15
7,23	8,27
7,24	8,38
7,26	8,45
7,28	8,58
7,29	8,68
7,30	8,80
7,32	8,89
7,34	8,99
7,35	9,08
7,36	9,19
7,38	9,30
7,39	9,42
7,41	9,52
7,43	9,67
7,44	9,81
7,45	9,86
7,47	9,77
7,49	9,80
7,50	9,98
7,51	9,95
7,53	9,92
